millis	xpos	ypos	sX	sY	dpX	dpY	red	green	blue	opacity	A1	A2	A3	A4	L1	R1	L2	R2	S1	S2	M1	M2	up	down	left	right	anlgX	anlgY	anlgU	anlgV	joy1_int	joy2_int
228919	0	1063	999	999	400	400	177	0	28	60	0	0	0	0	0	0	0	0	0	1	0	0	0	0	0	0	0.12156868	0.0	0.0	0.0	6	0
228949	199	1011	999	999	400	400	177	0	28	60	0	0	0	0	0	0	0	0	0	0	0	0	0	0	0	0	0.12156868	0.0	0.0	0.0	6	0
228982	638	1200	999	999	400	400	177	0	28	60	0	0	0	0	0	0	0	0	0	0	0	0	0	0	0	0	0.12156868	0.0	0.0	0.0	6	0
229015	0	1200	999	999	400	400	177	0	28	60	0	0	0	0	0	0	0	0	0	0	0	0	0	0	0	0	0.12156868	0.0	0.0	0.0	6	0
229049	0	1121	999	999	400	400	177	0	28	60	0	0	0	0	0	0	0	0	0	0	0	0	0	0	0	0	0.12156868	0.0	0.0	0.0	6	0
229082	108	1200	999	999	400	400	177	0	28	60	0	0	0	0	0	0	0	0	0	0	0	0	0	0	0	0	0.12156868	0.0	0.0	0.0	6	0
229119	11	831	999	999	400	400	177	0	28	60	0	0	0	0	0	0	0	0	0	0	0	0	0	0	0	0	0.12156868	0.0	0.0	0.0	6	0
229151	332	1088	999	999	400	400	177	0	28	60	0	0	0	0	0	0	0	0	0	0	0	0	0	0	0	0	0.12156868	0.0	0.0	0.0	6	0
229183	0	1200	999	999	400	400	177	0	28	60	0	0	0	0	0	0	0	0	0	0	0	0	0	0	0	0	0.12156868	0.0	0.0	0.0	6	0
229217	866	1032	999	999	400	400	177	0	28	60	0	0	0	0	0	0	0	0	0	0	0	0	0	0	0	0	0.12156868	0.0	0.0	0.0	6	0
229251	1210	881	999	999	400	400	177	0	28	60	0	0	0	0	0	0	0	0	0	0	0	0	0	0	0	0	0.12156868	0.0	0.0	0.0	6	0
229281	55	876	999	999	400	400	177	0	28	60	0	0	0	0	0	0	0	0	0	0	0	0	0	0	0	0	0.12156868	0.0	0.0	0.0	6	0
229318	0	1200	999	999	400	400	177	0	28	60	0	0	0	0	0	0	0	0	0	0	0	0	0	0	0	0	0.12156868	0.0	0.0	0.0	6	0
229349	0	1200	999	999	400	400	177	0	28	60	0	0	0	0	0	0	0	0	0	0	0	0	0	0	0	0	0.12156868	0.0	0.0	0.0	6	0
229382	311	648	999	999	400	400	177	0	28	60	0	0	0	0	0	0	0	0	0	0	0	0	0	0	0	0	0.12156868	0.0	0.0	0.0	6	0
229416	0	1200	999	999	400	400	177	0	28	60	0	0	0	0	0	0	0	0	0	0	0	0	0	0	0	0	0.12156868	0.0	0.0	0.0	6	0
229452	0	1128	999	999	400	400	177	0	28	60	0	0	0	0	0	0	0	0	0	0	0	0	0	0	0	0	0.12156868	0.0	0.0	0.0	6	0
229485	1045	1200	999	999	400	400	177	0	28	60	0	0	0	0	0	0	0	0	0	0	0	0	0	0	0	0	0.12156868	0.0	0.0	0.0	6	0
229515	408	1128	999	999	400	400	177	0	28	60	0	0	0	0	0	0	0	0	0	0	0	0	0	0	0	0	0.12156868	0.0	0.0	0.0	6	0
229549	0	427	999	999	400	400	177	0	28	60	0	0	0	0	0	0	0	0	0	0	0	0	0	0	0	0	0.12156868	0.0	0.0	0.0	6	0
229581	0	813	999	999	400	400	177	0	28	60	0	0	0	0	0	0	0	0	0	0	0	0	0	0	0	0	0.12156868	0.0	0.0	0.0	6	0
229618	355	1075	999	999	400	400	177	0	28	60	0	0	0	0	0	0	0	0	0	0	0	0	0	0	0	0	0.12156868	0.0	0.0	0.0	6	0
229648	0	961	999	999	400	400	177	0	28	60	0	0	0	0	0	0	0	0	0	0	0	0	0	0	0	0	0.12156868	0.0	0.0	0.0	6	0
229683	957	1200	999	999	400	400	177	0	28	60	0	0	0	0	0	0	0	0	0	0	0	0	0	0	0	0	0.12156868	0.0	0.0	0.0	6	0
229715	393	1200	999	999	400	400	177	0	28	60	0	0	0	0	0	0	0	0	0	0	0	0	0	0	0	0	0.12156868	0.0	0.0	0.0	6	0
229748	0	829	999	999	400	400	177	0	28	60	0	0	0	0	0	0	0	0	0	0	0	0	0	0	0	0	0.12156868	0.0	0.0	0.0	6	0
229786	194	974	999	999	400	400	177	0	28	60	0	0	0	0	0	0	0	0	0	0	0	0	0	0	0	0	0.12156868	0.0	0.0	0.0	6	0
229816	0	1010	999	999	400	400	177	0	28	60	0	0	0	0	0	0	0	0	0	0	0	0	0	0	0	0	0.12156868	0.0	0.0	0.0	6	0
229849	0	1030	999	999	400	400	177	0	28	60	0	0	0	0	0	0	0	0	0	0	0	0	0	0	0	0	0.12156868	0.0	0.0	0.0	6	0
229883	354	640	999	999	400	400	177	0	28	60	0	0	0	0	0	0	0	0	0	0	0	0	0	0	0	0	0.12156868	0.0	0.0	0.0	6	0
229916	605	712	999	999	400	400	177	0	28	60	0	0	0	0	0	0	0	0	0	0	0	0	0	0	0	0	0.12156868	0.0	0.0	0.0	6	0
229950	116	1200	999	999	400	400	177	0	28	60	0	0	0	0	0	0	0	0	0	0	0	0	0	0	0	0	0.12156868	0.0	0.0	0.0	6	0
229983	244	1200	999	999	400	400	177	0	28	60	0	0	0	0	0	0	0	0	0	0	0	0	0	0	0	0	0.12156868	0.0	0.0	0.0	6	0
230016	134	1200	999	999	400	400	177	0	28	60	0	0	0	0	0	0	0	0	0	0	0	0	0	0	0	0	0.12156868	0.0	0.0	0.0	6	0
230049	14	854	999	999	400	400	177	0	28	60	0	0	0	0	0	0	0	0	0	0	0	0	0	0	0	0	0.12156868	0.0	0.0	0.0	6	0
230084	0	1051	999	999	400	400	177	0	28	60	0	0	0	0	0	0	0	0	0	0	0	0	0	0	0	0	0.12156868	0.0	0.0	0.0	6	0
230115	0	1144	999	999	400	400	177	0	28	60	0	0	0	0	0	0	0	0	0	0	0	0	0	0	0	0	0.12156868	0.0	0.0	0.0	6	0
230148	370	1200	999	999	400	400	177	0	28	60	0	0	0	0	0	0	0	0	0	0	0	0	0	0	0	0	0.12156868	0.0	0.0	0.0	6	0
230184	0	977	999	999	400	400	177	0	28	60	0	0	0	0	0	0	0	0	0	0	0	0	0	0	0	0	0.12156868	0.0	0.0	0.0	6	0
230216	394	1200	999	999	400	400	177	0	28	60	0	0	0	0	0	0	0	0	0	0	0	0	0	0	0	0	0.12156868	0.0	0.0	0.0	6	0
230250	56	905	999	999	400	400	177	0	28	60	0	0	0	0	0	0	0	0	0	0	0	0	0	0	0	0	0.12156868	0.0	0.0	0.0	6	0
230282	248	1200	999	999	400	400	177	0	28	60	0	0	0	0	0	0	0	0	0	0	0	0	0	0	0	0	0.12156868	0.0	0.0	0.0	6	0
230315	166	833	999	999	400	400	177	0	28	60	0	0	0	0	0	0	0	0	0	0	0	0	0	0	0	0	0.12156868	0.0	0.0	0.0	6	0
230350	502	768	999	999	400	400	177	0	28	60	0	0	0	0	0	0	0	0	0	0	0	0	0	0	0	0	0.12156868	0.0	0.0	0.0	6	0
230382	821	896	999	999	400	400	177	0	28	60	0	0	0	0	0	0	0	0	0	0	0	0	0	0	0	0	0.12156868	0.0	0.0	0.0	6	0
230415	134	1200	999	999	400	400	177	0	28	60	0	0	0	0	0	0	0	0	0	0	0	0	0	0	0	0	0.12156868	0.0	0.0	0.0	6	0
230448	0	1021	999	999	400	400	177	0	28	60	0	0	0	0	0	0	0	0	0	0	0	0	0	0	0	0	0.12156868	0.0	0.0	0.0	6	0
230484	90	1200	999	999	400	400	177	0	28	60	0	0	0	0	0	0	0	0	0	0	0	0	0	0	0	0	0.12156868	0.0	0.0	0.0	6	0
230515	42	1200	999	999	400	400	177	0	28	60	0	0	0	0	0	0	0	0	0	0	0	0	0	0	0	0	0.12156868	0.0	0.0	0.0	6	0
230548	336	1200	999	999	400	400	177	0	28	60	0	0	0	0	0	0	0	0	0	0	0	0	0	0	0	0	0.12156868	0.0	0.0	0.0	6	0
230582	183	1008	999	999	400	400	177	0	28	60	0	0	0	0	0	0	0	0	0	0	0	0	0	0	0	0	0.12156868	0.0	0.0	0.0	6	0
230615	756	1200	999	999	400	400	177	0	28	60	0	0	0	0	0	0	0	0	0	0	0	0	0	0	0	0	0.12156868	0.0	0.0	0.0	6	0
230651	299	888	999	999	400	400	177	0	28	60	0	0	0	0	0	0	0	0	0	0	0	0	0	0	0	0	0.12156868	0.0	0.0	0.0	6	0
230682	65	1200	999	999	400	400	177	0	28	60	0	0	0	0	0	0	0	0	0	0	0	0	0	0	0	0	0.12156868	0.0	0.0	0.0	6	0
230715	0	895	999	999	400	400	177	0	28	60	0	0	0	0	0	0	0	0	0	0	0	0	0	0	0	0	0.12156868	0.0	0.0	0.0	6	0
230749	22	1144	999	999	400	400	177	0	28	60	0	0	0	0	0	0	0	0	0	0	0	0	0	0	0	0	0.12156868	0.0	0.0	0.0	6	0
230783	658	1200	999	999	400	400	177	0	28	60	0	0	0	0	0	0	0	0	0	0	0	0	0	0	0	0	0.12156868	0.0	0.0	0.0	6	0
230816	765	1200	999	999	400	400	177	0	28	60	0	0	0	0	0	0	0	0	0	0	0	0	0	0	0	0	0.12156868	0.0	0.0	0.0	6	0
230849	451	658	999	999	400	400	177	0	28	60	0	0	0	0	0	0	0	0	0	0	0	0	0	0	0	0	0.12156868	0.0	0.0	0.0	6	0
230882	425	1200	999	999	400	400	177	0	28	60	0	0	0	0	0	0	0	0	0	0	0	0	0	0	0	0	0.12156868	0.0	0.0	0.0	6	0
230916	0	1200	999	999	400	400	177	0	28	60	0	0	0	0	0	0	0	0	0	0	0	0	0	0	0	0	0.12156868	0.0	0.0	0.0	6	0
230949	45	686	999	999	400	400	177	0	28	60	0	0	0	0	0	0	0	0	0	0	0	0	0	0	0	0	0.14509809	0.0	0.0	0.0	7	0
230983	958	885	999	999	400	400	177	0	28	60	0	0	0	0	0	0	0	0	0	0	0	0	0	0	0	0	0.14509809	0.0	0.0	0.0	7	0
231016	0	876	999	999	400	400	177	0	28	60	0	0	0	0	0	0	0	0	0	0	0	0	0	0	0	0	0.14509809	0.0	0.0	0.0	7	0
231049	211	737	999	999	400	400	177	0	28	60	0	0	0	0	0	0	0	0	0	0	0	0	0	0	0	0	0.14509809	0.0	0.0	0.0	7	0
231085	606	1200	999	999	400	400	177	0	28	60	0	0	0	0	0	0	0	0	0	0	0	0	0	0	0	0	0.14509809	0.0	0.0	0.0	7	0
231116	428	1200	999	999	400	400	177	0	28	60	0	0	0	0	0	0	0	0	0	0	0	0	0	0	0	0	0.14509809	0.0	0.0	0.0	7	0
231149	201	1200	999	999	400	400	177	0	28	60	0	0	0	0	0	0	0	0	0	0	0	0	0	0	0	0	0.14509809	0.0	0.0	0.0	7	0
231183	0	1200	999	999	400	400	177	0	28	60	0	0	0	0	0	0	0	0	0	0	0	0	0	0	0	0	0.14509809	0.0	0.0	0.0	7	0
231217	371	1200	999	999	400	400	177	0	28	60	0	0	0	0	0	0	0	0	0	0	0	0	0	0	0	0	0.14509809	0.0	0.0	0.0	7	0
231250	0	1200	999	999	400	400	177	0	28	60	0	0	0	0	0	0	0	0	0	0	0	0	0	0	0	0	0.14509809	0.0	0.0	0.0	7	0
231283	129	1200	999	999	400	400	177	0	28	60	0	0	0	0	0	0	0	0	0	0	0	0	0	0	0	0	0.14509809	0.0	0.0	0.0	7	0
231317	283	1200	999	999	400	400	177	0	28	60	0	0	0	0	0	0	0	0	0	0	0	0	0	0	0	0	0.14509809	0.0	0.0	0.0	7	0
231350	0	1188	999	999	400	400	177	0	28	60	0	0	0	0	0	0	0	0	0	0	0	0	0	0	0	0	0.14509809	0.0	0.0	0.0	7	0
231383	52	851	999	999	400	400	177	0	28	60	0	0	0	0	0	0	0	0	0	0	0	0	0	0	0	0	0.14509809	0.0	0.0	0.0	7	0
231416	557	1166	999	999	400	400	177	0	28	60	0	0	0	0	0	0	0	0	0	0	0	0	0	0	0	0	0.14509809	0.0	0.0	0.0	7	0
231450	0	673	999	999	400	400	177	0	28	60	0	0	0	0	0	0	0	0	0	0	0	0	0	0	0	0	0.14509809	0.0	0.0	0.0	7	0
231484	130	921	999	999	400	400	177	0	28	60	0	0	0	0	0	0	0	0	0	0	0	0	0	0	0	0	0.12156868	0.0	0.0	0.0	6	0
231516	616	1200	999	999	400	400	177	0	28	60	0	0	0	0	0	0	0	0	0	0	0	0	0	0	0	0	0.12156868	0.0	0.0	0.0	6	0
231550	71	689	999	999	400	400	177	0	28	60	0	0	0	0	0	0	0	0	0	0	0	0	0	0	0	0	0.12156868	0.0	0.0	-0.11372548	6	5
231583	0	1200	999	999	400	400	177	0	28	60	0	0	0	0	0	0	0	0	0	0	0	0	0	0	0	0	0.12156868	0.0	0.0	0.0	6	0
231616	0	1200	999	999	400	400	177	0	28	60	0	0	0	0	0	0	0	0	0	0	0	0	0	0	0	0	0.12156868	0.0	0.0	0.0	6	0
