millis	xpos	ypos	sX	sY	dpX	dpY	red	green	blue	opacity	A1	A2	A3	A4	L1	R1	L2	R2	S1	S2	M1	M2	up	down	left	right	anlgX	anlgY	anlgU	anlgV	joy1_int	joy2_int
1260	958	539	350	350	300	300	60	60	60	60	0	0	0	0	0	0	0	0	0	0	0	0	0	0	0	0	0.1686275	0.0	0.0	0.0	8	0
1274	953	1154	350	350	300	300	60	60	60	60	0	0	0	0	0	0	0	0	0	0	0	0	0	0	0	0	0.1686275	0.0	0.0	0.0	8	0
1308	1163	1200	350	350	300	300	60	60	60	60	0	0	0	0	0	0	0	0	0	0	0	0	0	0	0	0	0.1686275	0.0	0.0	0.0	8	0
1342	1285	631	350	350	300	300	60	60	60	60	0	0	0	0	0	0	0	0	0	0	0	0	0	0	0	0	0.1686275	0.0	0.0	0.0	8	0
1375	966	596	350	350	300	300	60	60	60	60	0	0	0	0	0	0	0	0	0	0	0	0	0	0	0	0	0.1686275	0.0	0.0	0.0	8	0
1408	1167	553	350	350	300	300	60	60	60	60	0	0	0	0	0	0	0	0	0	0	0	0	0	0	0	0	0.1686275	0.0	0.0	0.0	8	0
1444	548	241	350	350	300	300	60	60	60	60	0	0	0	0	0	0	0	0	0	0	0	0	0	0	0	0	0.1686275	0.0	0.0	0.0	8	0
1475	860	524	350	350	300	300	60	60	60	60	0	0	0	0	0	0	0	0	0	0	0	0	0	0	0	0	0.1686275	0.0	0.0	0.0	8	0
1511	1163	549	350	350	300	300	60	60	60	60	0	0	0	0	0	0	0	0	0	0	0	0	0	0	0	0	0.1686275	0.0	0.0	0.0	8	0
1543	1219	1006	350	350	300	300	60	60	60	60	0	0	0	0	0	0	0	0	0	0	0	0	0	0	0	0	0.1686275	0.0	0.0	0.0	8	0
1578	934	910	350	350	300	300	60	60	60	60	0	0	0	0	0	0	0	0	0	0	0	0	0	0	0	0	0.1686275	0.0	0.0	0.0	8	0
1609	555	956	350	350	300	300	60	60	60	60	0	0	0	0	0	0	0	0	0	0	0	0	0	0	0	0	0.1686275	0.0	0.0	0.0	8	0
1642	1242	690	350	350	300	300	60	60	60	60	0	0	0	0	0	0	0	0	0	0	0	0	0	0	0	0	0.1686275	0.0	0.0	0.0	8	0
1676	1013	1064	350	350	300	300	60	60	60	60	0	0	0	0	0	0	0	0	0	0	0	0	0	0	0	0	0.1686275	0.0	0.0	0.0	8	0
1709	842	601	350	350	300	300	60	60	60	60	0	0	0	0	0	0	0	0	0	0	0	0	0	0	0	0	0.1686275	0.0	0.0	0.0	8	0
1743	527	276	350	350	300	300	60	60	60	60	0	0	0	0	0	0	0	0	0	0	0	0	0	0	0	0	0.1686275	0.0	0.0	0.0	8	0
1776	665	573	350	350	300	300	60	60	60	60	0	0	0	0	0	0	0	0	0	0	0	0	0	0	0	0	0.1686275	0.0	0.0	0.0	8	0
1810	865	635	350	350	300	300	60	60	60	60	0	0	0	0	0	0	0	0	0	0	0	0	0	0	0	0	0.1686275	0.0	0.0	0.0	8	0
1843	598	334	350	350	300	300	60	60	60	60	0	0	0	0	0	0	0	0	0	0	0	0	0	0	0	0	0.1686275	0.0	0.0	0.0	8	0
1877	804	939	350	350	300	300	60	60	60	60	0	0	0	0	0	0	0	0	0	0	0	0	0	0	0	0	0.1686275	0.0	0.0	0.0	8	0
1909	1237	817	350	350	300	300	60	60	60	60	0	0	0	0	0	0	0	0	0	0	0	0	0	0	0	0	0.1686275	0.0	0.0	0.0	8	0
1942	533	0	350	350	300	300	60	60	60	60	0	0	0	0	0	0	0	0	0	0	0	0	0	0	0	0	0.1686275	0.0	0.0	0.0	8	0
1975	865	1200	350	350	300	300	60	60	60	60	0	0	0	0	0	0	0	0	0	0	0	0	0	0	0	0	0.1686275	0.0	0.0	0.0	8	0
2009	447	172	350	350	300	300	60	60	60	60	0	0	0	0	0	0	0	0	0	0	0	0	0	0	0	0	0.1686275	0.0	0.0	0.0	8	0
2043	948	377	350	350	300	300	60	60	60	60	0	0	0	0	0	0	0	0	0	0	0	0	0	0	0	0	0.1686275	0.0	0.0	0.0	8	0
2076	702	602	350	350	300	300	60	60	60	60	0	0	0	0	0	0	0	0	0	0	0	0	0	0	0	0	0.1686275	0.0	0.0	0.0	8	0
2110	822	720	350	350	300	300	60	60	60	60	0	0	0	0	0	0	0	0	0	0	0	0	0	0	0	0	0.1686275	0.0	0.0	0.0	8	0
2139	1518	529	350	350	300	300	60	60	60	60	0	0	0	0	0	0	0	0	0	0	0	0	0	0	0	0	0.1686275	0.0	0.0	0.0	8	0
2177	983	606	350	350	300	300	60	60	60	60	0	0	0	0	0	0	0	0	0	0	0	0	0	0	0	0	0.1686275	0.0	0.0	0.0	8	0
2208	1047	835	350	350	300	300	60	60	60	60	0	0	0	0	0	0	0	0	0	0	0	0	0	0	0	0	0.1686275	0.0	0.0	0.0	8	0
2242	637	398	350	350	300	300	60	60	60	60	0	0	0	0	0	0	0	0	0	0	0	0	0	0	0	0	0.1686275	0.0	0.0	0.0	8	0
2276	887	779	350	350	300	300	60	60	60	60	0	0	0	0	0	0	0	0	0	0	0	0	0	0	0	0	0.1686275	0.0	0.0	0.0	8	0
2310	641	314	350	350	300	300	60	60	60	60	0	0	0	0	0	0	0	0	0	0	0	0	0	0	0	0	0.1686275	0.0	0.0	0.0	8	0
2343	998	389	350	350	300	300	60	60	60	60	0	0	0	0	0	0	0	0	0	0	0	0	0	0	0	0	0.1686275	0.0	0.0	0.0	8	0
2376	799	1165	350	350	300	300	60	60	60	60	0	0	0	0	0	0	0	0	0	0	0	0	0	0	0	0	0.1686275	0.0	0.0	0.0	8	0
2410	1380	254	350	350	300	300	60	60	60	60	0	0	0	0	0	0	0	0	0	0	0	0	0	0	0	0	0.1686275	0.0	0.0	0.0	8	0
2443	748	473	350	350	300	300	60	60	60	60	0	0	0	0	0	0	0	0	0	0	0	0	0	0	0	0	0.1686275	0.0	0.0	0.0	8	0
2475	991	306	350	350	300	300	60	60	60	60	0	0	0	0	0	0	0	0	0	0	0	0	0	0	0	0	0.1686275	0.0	0.0	0.0	8	0
2510	286	390	350	350	300	300	60	60	60	60	0	0	0	0	0	0	0	0	0	0	0	0	0	0	0	0	0.1686275	0.0	0.0	0.0	8	0
2538	746	679	350	350	300	300	60	60	60	60	0	0	0	0	0	0	0	0	0	0	0	0	0	0	0	0	0.1686275	0.0	0.0	0.0	8	0
2575	678	817	350	350	300	300	60	60	60	60	0	0	0	0	0	0	0	0	0	0	0	0	0	0	0	0	0.1686275	0.0	0.0	0.0	8	0
2609	965	820	350	350	300	300	60	60	60	60	0	0	0	0	0	0	0	0	0	0	0	0	0	0	0	0	0.1686275	0.0	0.0	0.0	8	0
2639	1332	791	350	350	300	300	60	60	60	60	0	0	0	0	0	0	0	0	0	0	0	0	0	0	0	0	0.1686275	0.0	0.0	0.0	8	0
2674	744	565	350	350	300	300	60	60	60	60	0	0	0	0	0	0	0	0	0	0	0	0	0	0	0	0	0.1686275	0.0	0.0	0.0	8	0
2709	1127	0	350	350	300	300	60	60	60	60	0	0	0	0	0	0	0	0	0	0	0	0	0	0	0	0	0.1686275	0.0	0.0	0.0	8	0
2742	950	37	350	350	300	300	60	60	60	60	0	0	0	0	0	0	0	0	0	0	0	0	0	0	0	0	0.1686275	0.0	0.0	0.0	8	0
2777	1239	532	350	350	300	300	60	60	60	60	0	0	0	0	0	0	0	0	0	0	0	0	0	0	0	0	0.1686275	0.0	0.0	0.0	8	0
2806	1061	227	350	350	300	300	60	60	60	60	0	0	0	0	0	0	0	0	0	0	0	0	0	0	0	0	0.1686275	0.0	0.0	0.0	8	0
2843	1096	203	350	350	300	300	60	60	60	60	0	0	0	0	0	0	0	0	0	0	0	0	0	0	0	0	0.1686275	0.0	0.0	0.0	8	0
2876	978	142	350	350	300	300	60	60	60	60	0	0	0	0	0	0	0	0	0	0	0	0	0	0	0	0	0.1686275	0.0	0.0	0.0	8	0
2904	1010	531	350	350	300	300	60	60	60	60	0	0	0	0	0	0	0	0	0	0	0	0	0	0	0	0	0.1686275	0.0	0.0	0.0	8	0
2942	1565	394	350	350	300	300	60	60	60	60	0	0	0	0	0	0	0	0	0	0	0	0	0	0	0	0	0.1686275	0.0	0.0	0.0	8	0
2973	946	987	350	350	300	300	60	60	60	60	0	0	0	0	0	0	0	0	0	0	0	0	0	0	0	0	0.1686275	0.0	0.0	0.0	8	0
3011	800	0	350	350	300	300	60	60	60	60	0	0	0	0	0	0	0	0	0	0	0	0	0	0	0	0	0.1686275	0.0	0.0	0.0	8	0
3040	799	759	350	350	300	300	60	60	60	60	0	0	0	0	0	0	0	0	0	0	0	0	0	0	0	0	0.1686275	0.0	0.0	0.0	8	0
3076	483	1200	350	350	300	300	60	60	60	60	0	0	0	0	0	0	0	0	0	0	0	0	0	0	0	0	0.1686275	0.0	0.0	0.0	8	0
3106	863	927	350	350	300	300	60	60	60	60	0	0	0	0	0	0	0	0	0	0	0	0	0	0	0	0	0.1686275	0.0	0.0	0.0	8	0
3142	337	281	350	350	300	300	60	60	60	60	0	0	0	0	0	0	0	0	0	0	0	0	0	0	0	0	0.1686275	0.0	0.0	0.0	8	0
3173	1264	1045	350	350	300	300	60	60	60	60	0	0	0	0	0	0	0	0	0	0	0	0	0	0	0	0	0.1686275	0.0	0.0	0.0	8	0
3210	1611	460	350	350	300	300	60	60	60	60	0	0	0	0	0	0	0	0	0	0	0	0	0	0	0	0	0.1686275	0.0	0.0	0.0	8	0
3239	1032	418	350	350	300	300	60	60	60	60	0	0	0	0	0	0	0	0	0	0	0	0	0	0	0	0	0.1686275	0.0	0.0	0.0	8	0
3277	1308	587	350	350	300	300	60	60	60	60	0	0	0	0	0	0	0	0	0	0	0	0	0	0	0	0	0.1686275	0.0	0.0	0.0	8	0
3306	1324	567	350	350	300	300	60	60	60	60	0	0	0	0	0	0	0	0	0	0	0	0	0	0	0	0	0.1686275	0.0	0.0	0.0	8	0
3340	1119	1030	350	350	300	300	60	60	60	60	0	0	0	0	0	0	0	0	0	0	0	0	0	0	0	0	0.1686275	0.0	0.0	0.0	8	0
3377	1212	302	350	350	300	300	60	60	60	60	0	0	0	0	0	0	0	0	0	0	0	0	0	0	0	0	0.1686275	0.0	0.0	0.0	8	0
3406	1114	320	350	350	300	300	60	60	60	60	0	0	0	0	0	0	0	0	0	0	0	0	0	0	0	0	0.1686275	0.0	0.0	0.0	8	0
3440	980	639	350	350	300	300	60	60	60	60	0	0	0	0	0	0	0	0	0	0	0	0	0	0	0	0	0.1686275	0.0	0.0	0.0	8	0
3476	467	610	350	350	300	300	60	60	60	60	0	0	0	0	0	0	0	0	0	0	0	0	0	0	0	0	0.1686275	0.0	0.0	0.0	8	0
3505	1185	570	350	350	300	300	60	60	60	60	0	0	0	0	0	0	0	0	0	0	0	0	0	0	0	0	0.1686275	0.0	0.0	0.0	8	0
3543	1090	273	350	350	300	300	60	60	60	60	0	0	0	0	0	0	0	0	0	0	0	0	0	0	0	0	0.1686275	0.0	0.0	0.0	8	0
3572	544	927	350	350	300	300	60	60	60	60	0	0	0	0	0	0	0	0	0	0	0	0	0	0	0	0	0.1686275	0.0	0.0	0.0	8	0
3610	1350	710	350	350	300	300	60	60	60	60	0	0	0	0	0	0	0	0	0	0	0	0	0	0	0	0	0.1686275	0.0	0.0	0.0	8	0
3640	811	514	350	350	300	300	60	60	60	60	0	0	0	0	0	0	0	0	0	0	0	0	0	0	0	0	0.1686275	0.0	0.0	0.0	8	0
3673	788	477	350	350	300	300	60	60	60	60	0	0	0	0	0	0	0	0	0	0	0	0	0	0	0	0	0.1686275	0.0	0.0	0.0	8	0
3706	1867	116	350	350	300	300	60	60	60	60	0	0	0	0	0	0	0	0	0	0	0	0	0	0	0	0	0.1686275	0.0	0.0	0.0	8	0
3743	333	621	350	350	300	300	60	60	60	60	0	0	0	0	0	0	0	0	0	0	0	0	0	0	0	0	0.1686275	0.0	0.0	0.0	8	0
3773	1083	617	350	350	300	300	60	60	60	60	0	0	0	0	0	0	0	0	0	0	0	0	0	0	0	0	0.1686275	0.0	0.0	0.0	8	0
3804	818	540	350	350	300	300	60	60	60	60	0	0	0	0	0	0	0	0	0	0	0	0	0	0	0	0	0.1686275	0.0	0.0	0.0	8	0
3838	1126	515	350	350	300	300	60	60	60	60	0	0	0	0	0	0	0	0	0	0	0	0	0	0	0	0	0.1686275	0.0	0.0	0.0	8	0
3872	982	1119	350	350	300	300	60	60	60	60	0	0	0	0	0	0	0	0	0	0	0	0	0	0	0	0	0.1686275	0.0	0.0	0.0	8	0
3904	917	786	350	350	300	300	60	60	60	60	0	0	0	0	0	0	0	0	0	0	0	0	0	0	0	0	0.1686275	0.0	0.0	0.0	8	0
3940	904	609	350	350	300	300	60	60	60	60	0	0	0	0	0	0	0	0	0	0	0	0	0	0	0	0	0.1686275	0.0	0.0	0.0	8	0
3971	955	451	350	350	300	300	60	60	60	60	0	0	0	0	0	0	0	0	0	0	0	0	0	0	0	0	0.1686275	0.0	0.0	0.0	8	0
4006	607	1033	350	350	300	300	60	60	60	60	0	0	0	0	0	0	0	0	0	0	0	0	0	0	0	0	0.1686275	0.0	0.0	0.0	8	0
4038	942	890	350	350	300	300	60	60	60	60	0	0	0	0	0	0	0	0	0	0	0	0	0	0	0	0	0.1686275	0.0	0.0	0.0	8	0
4075	608	451	350	350	300	300	60	60	60	60	0	0	0	0	0	0	0	0	0	0	0	0	0	0	0	0	0.1686275	0.0	0.0	0.0	8	0
4105	61	527	350	350	300	300	60	60	60	60	0	0	0	0	0	0	0	0	0	0	0	0	0	0	0	0	0.1686275	0.0	0.0	0.0	8	0
4138	821	420	350	350	300	300	60	60	60	60	0	0	0	0	0	0	0	0	0	0	0	0	0	0	0	0	0.1686275	0.0	0.0	0.0	8	0
4175	778	400	350	350	300	300	60	60	60	60	0	0	0	0	0	0	0	0	0	0	0	0	0	0	0	0	0.1686275	0.0	0.0	0.0	8	0
4205	1016	340	350	350	300	300	60	60	60	60	0	0	0	0	0	0	0	0	0	0	0	0	0	0	0	0	0.1686275	0.0	0.0	0.0	8	0
4241	1268	82	350	350	300	300	60	60	60	60	0	0	0	0	0	0	0	0	0	0	0	0	0	0	0	0	0.1686275	0.0	0.0	0.0	8	0
4271	1621	569	350	350	300	300	60	60	60	60	0	0	0	0	0	0	0	0	0	0	0	0	0	0	0	0	0.1686275	0.0	0.0	0.0	8	0
4305	664	662	350	350	300	300	60	60	60	60	0	0	0	0	0	0	0	0	0	0	0	0	0	0	0	0	0.1686275	0.0	0.0	0.0	8	0
4338	818	689	350	350	300	300	60	60	60	60	0	0	0	0	0	0	0	0	0	0	0	0	0	0	0	0	0.1686275	0.0	0.0	0.0	8	0
4371	622	682	350	350	300	300	60	60	60	60	0	0	0	0	0	0	0	0	0	0	0	0	0	0	0	0	0.1686275	0.0	0.0	0.0	8	0
4405	352	213	350	350	300	300	60	60	60	60	0	0	0	0	0	0	0	0	0	0	0	0	0	0	0	0	0.1686275	0.0	0.0	0.0	8	0
4875	1238	466	350	350	300	300	60	60	60	60	0	0	0	0	0	0	0	0	0	0	0	0	0	0	0	0	0.1686275	0.0	0.0	0.0	8	0
4951	665	646	350	350	300	300	60	60	60	60	0	0	0	0	0	0	0	0	0	0	0	0	0	0	0	0	0.1686275	0.0	0.0	0.0	8	0
5032	1221	1131	350	350	300	300	60	60	60	60	0	0	0	0	0	0	0	0	0	0	0	0	0	0	0	0	0.1686275	0.0	0.0	0.0	8	0
5067	731	627	350	350	300	300	60	60	60	60	0	0	0	0	0	0	0	0	0	0	0	0	0	0	0	0	0.1686275	0.0	0.0	0.0	8	0
5101	1005	272	350	350	300	300	60	60	60	60	0	0	0	0	0	0	0	0	0	0	0	0	0	0	0	0	0.1686275	0.0	0.0	0.0	8	0
5132	1143	260	350	350	300	300	60	60	60	60	0	0	0	0	0	0	0	0	0	0	0	0	0	0	0	0	0.1686275	0.0	0.0	0.0	8	0
5346	1222	313	350	350	300	300	60	60	60	60	0	0	0	0	0	0	0	0	0	0	0	0	0	0	0	0	0.1686275	0.0	0.0	0.0	8	0
5641	833	830	350	350	300	300	60	60	60	60	0	0	0	0	0	0	0	0	0	0	0	0	0	0	0	0	0.1686275	0.0	0.0	0.0	8	0
5694	921	957	350	350	300	300	60	60	60	60	0	0	0	0	0	0	0	0	0	0	0	0	0	0	0	0	0.1686275	0.0	0.0	0.0	8	0
5743	455	362	350	350	300	300	60	60	60	60	0	0	0	0	0	0	0	0	0	0	0	0	0	0	0	0	0.1686275	0.0	0.0	0.0	8	0
5831	1215	752	350	350	300	300	60	60	60	60	0	0	0	0	0	0	0	0	0	0	0	0	0	0	0	0	0.1686275	0.0	0.0	0.0	8	0
5871	981	111	350	350	300	300	60	60	60	60	0	0	0	0	0	0	0	0	0	0	0	0	0	0	0	0	0.1686275	0.0	0.0	0.0	8	0
5904	1031	493	350	350	300	300	60	60	60	60	0	0	0	0	0	0	0	0	0	0	0	0	0	0	0	0	0.1686275	0.0	0.0	0.0	8	0
5939	1006	242	350	350	300	300	60	60	60	60	0	0	0	0	0	0	0	0	0	0	0	0	0	0	0	0	0.1686275	0.0	0.0	0.0	8	0
5971	1140	420	350	350	300	300	60	60	60	60	0	0	0	0	0	0	0	0	0	0	0	0	0	0	0	0	0.1686275	0.0	0.0	0.0	8	0
6003	808	703	350	350	300	300	60	60	60	60	0	0	0	0	0	0	0	0	0	0	0	0	0	0	0	0	0.1686275	0.0	0.0	0.0	8	0
6037	1096	332	350	350	300	300	60	60	60	60	0	0	0	0	0	0	0	0	0	0	0	0	0	0	0	0	0.1686275	0.0	0.0	0.0	8	0
6068	892	479	350	350	300	300	60	60	60	60	0	0	0	0	0	0	0	0	0	0	0	0	0	0	0	0	0.1686275	0.0	0.0	0.0	8	0
6105	989	580	350	350	300	300	60	60	60	60	0	0	0	0	0	0	0	0	0	0	0	0	0	0	0	0	0.1686275	0.0	0.0	0.0	8	0
6136	865	642	350	350	300	300	60	60	60	60	0	0	0	0	0	0	0	0	0	0	0	0	0	0	0	0	0.1686275	0.0	0.0	0.0	8	0
6170	869	563	350	350	300	300	60	60	60	60	0	0	0	0	0	0	0	0	0	0	0	0	0	0	0	0	0.1686275	0.0	0.0	0.0	8	0
6206	913	881	350	350	300	300	60	60	60	60	0	0	0	0	0	0	0	0	0	0	0	0	0	0	0	0	0.1686275	0.0	0.0	0.0	8	0
6237	949	394	350	350	300	300	60	60	60	60	0	0	0	0	0	0	0	0	0	0	0	0	0	0	0	0	0.1686275	0.0	0.0	0.0	8	0
6272	1636	38	350	350	300	300	60	60	60	60	0	0	0	0	0	0	0	0	0	0	0	0	0	0	0	0	0.1686275	0.0	0.0	0.0	8	0
6303	1179	867	350	350	300	300	60	60	60	60	0	0	0	0	0	0	0	0	0	0	0	0	0	0	0	0	0.1686275	0.0	0.0	0.0	8	0
6339	266	505	350	350	300	300	60	60	60	60	0	0	0	0	0	0	0	0	0	0	0	0	0	0	0	0	0.1686275	0.0	0.0	0.0	8	0
6369	730	347	350	350	300	300	60	60	60	60	0	0	0	0	0	0	0	0	0	0	0	0	0	0	0	0	0.1686275	0.0	0.0	0.0	8	0
6406	755	130	350	350	300	300	60	60	60	60	0	0	0	0	0	0	0	0	0	0	0	0	0	0	0	0	0.1686275	0.0	0.0	0.0	8	0
6435	725	845	350	350	300	300	60	60	60	60	0	0	0	0	0	0	0	0	0	0	0	0	0	0	0	0	0.1686275	0.0	0.0	0.0	8	0
6469	1380	365	350	350	300	300	60	60	60	60	0	0	0	0	0	0	0	0	0	0	0	0	0	0	0	0	0.1686275	0.0	0.0	0.0	8	0
6501	481	1200	350	350	300	300	60	60	60	60	0	0	0	0	0	0	0	0	0	0	0	0	0	0	0	0	0.1686275	0.0	0.0	0.0	8	0
6539	616	650	350	350	300	300	60	60	60	60	0	0	0	0	0	0	0	0	0	0	0	0	0	0	0	0	0.1686275	0.0	0.0	0.0	8	0
6569	1033	539	350	350	300	300	60	60	60	60	0	0	0	0	0	0	0	0	0	0	0	0	0	0	0	0	0.1686275	0.0	0.0	0.0	8	0
6604	868	442	350	350	300	300	60	60	60	60	0	0	0	0	0	0	0	0	0	0	0	0	0	0	0	0	0.1686275	0.0	0.0	0.0	8	0
6639	406	426	350	350	300	300	60	60	60	60	0	0	0	0	0	0	0	0	0	0	0	0	0	0	0	0	0.1686275	0.0	0.0	0.0	8	0
6673	1133	382	350	350	300	300	60	60	60	60	0	0	0	0	0	0	0	0	0	0	0	0	0	0	0	0	0.1686275	0.0	0.0	0.0	8	0
6705	860	513	350	350	300	300	60	60	60	60	0	0	0	0	0	0	0	0	0	0	0	0	0	0	0	0	0.1686275	0.0	0.0	0.0	8	0
6735	1697	428	350	350	300	300	60	60	60	60	0	0	0	0	0	0	0	0	0	0	0	0	0	0	0	0	0.1686275	0.0	0.0	0.0	8	0
6767	652	542	350	350	300	300	60	60	60	60	0	0	0	0	0	0	0	0	0	0	0	0	0	0	0	0	0.1686275	0.0	0.0	0.0	8	0
6806	842	1055	350	350	300	300	60	60	60	60	0	0	0	0	0	0	0	0	0	0	0	0	0	0	0	0	0.1686275	0.0	0.0	0.0	8	0
6835	1256	207	350	350	300	300	60	60	60	60	0	0	0	0	0	0	0	0	0	0	0	0	0	0	0	0	0.1686275	0.0	0.0	0.0	8	0
6868	910	309	350	350	300	300	60	60	60	60	0	0	0	0	0	0	0	0	0	0	0	0	0	0	0	0	0.1686275	0.0	0.0	0.0	8	0
6902	430	257	350	350	300	300	60	60	60	60	0	0	0	0	0	0	0	0	0	0	0	0	0	0	0	0	0.1686275	0.0	0.0	0.0	8	0
6939	936	955	350	350	300	300	60	60	60	60	0	0	0	0	0	0	0	0	0	0	0	0	0	0	0	0	0.1686275	0.0	0.0	0.0	8	0
6969	1109	678	350	350	300	300	60	60	60	60	0	0	0	0	0	0	0	0	0	0	0	0	0	0	0	0	0.1686275	0.0	0.0	0.0	8	0
7006	879	407	350	350	300	300	60	60	60	60	0	0	0	0	0	0	0	0	0	0	0	0	0	0	0	0	0.1686275	0.0	0.0	0.0	8	0
7036	1488	49	350	350	300	300	60	60	60	60	0	0	0	0	0	0	0	0	0	0	0	0	0	0	0	0	0.1686275	0.0	0.0	0.0	8	0
7068	715	638	350	350	300	300	60	60	60	60	0	0	0	0	0	0	0	0	0	0	0	0	0	0	0	0	0.1686275	0.0	0.0	0.0	8	0
7107	935	332	350	350	300	300	60	60	60	60	0	0	0	0	0	0	0	0	0	0	0	0	0	0	0	0	0.1686275	0.0	0.0	0.0	8	0
7134	705	647	350	350	300	300	60	60	60	60	0	0	0	0	0	0	0	0	0	0	0	0	0	0	0	0	0.1686275	0.0	0.0	0.0	8	0
7172	1127	383	350	350	300	300	60	60	60	60	0	0	0	0	0	0	0	0	0	0	0	0	0	0	0	0	0.1686275	0.0	0.0	0.0	8	0
7202	1289	506	350	350	300	300	60	60	60	60	0	0	0	0	0	0	0	0	0	0	0	0	0	0	0	0	0.1686275	0.0	0.0	0.0	8	0
7239	1280	274	350	350	300	300	60	60	60	60	0	0	0	0	0	0	0	0	0	0	0	0	0	0	0	0	0.1686275	0.0	0.0	0.0	8	0
7270	517	321	350	350	300	300	60	60	60	60	0	0	0	0	0	0	0	0	0	0	0	0	0	0	0	0	0.1686275	0.0	0.0	0.0	8	0
7305	525	826	350	350	300	300	60	60	60	60	0	0	0	0	0	0	0	0	0	0	0	0	0	0	0	0	0.1686275	0.0	0.0	0.0	8	0
7338	1619	160	350	350	300	300	60	60	60	60	0	0	0	0	0	0	0	0	0	0	0	0	0	0	0	0	0.1686275	0.0	0.0	0.0	8	0
7376	880	854	350	350	300	300	60	60	60	60	0	0	0	0	0	0	0	0	0	0	0	0	0	0	0	0	0.1686275	0.0	0.0	0.0	8	0
7405	1249	465	350	350	300	300	60	60	60	60	0	0	0	0	0	0	0	0	0	0	0	0	0	0	0	0	0.1686275	0.0	0.0	0.0	8	0
7440	376	728	350	350	300	300	60	60	60	60	0	0	0	0	0	0	0	0	0	0	0	0	0	0	0	0	0.1686275	0.0	0.0	0.0	8	0
7472	1002	204	350	350	300	300	60	60	60	60	0	0	0	0	0	0	0	0	0	0	0	0	0	0	0	0	0.1686275	0.0	0.0	0.0	8	0
7508	885	194	350	350	300	300	60	60	60	60	0	0	0	0	0	0	0	0	0	0	0	0	0	0	0	0	0.1686275	0.0	0.0	0.0	8	0
7541	1054	99	350	350	300	300	60	60	60	60	0	0	0	0	0	0	0	0	0	0	0	0	0	0	0	0	0.1686275	0.0	0.0	0.0	8	0
7575	623	590	350	350	300	300	60	60	60	60	0	0	0	0	0	0	0	0	0	0	0	0	0	0	0	0	0.1686275	0.0	0.0	0.0	8	0
7608	431	877	350	350	300	300	60	60	60	60	0	0	0	0	0	0	0	0	0	0	0	0	0	0	0	0	0.1686275	0.0	0.0	0.0	8	0
7642	980	68	350	350	300	300	60	60	60	60	0	0	0	0	0	0	0	0	0	0	0	0	0	0	0	0	0.1686275	0.0	0.0	0.0	8	0
7674	816	801	350	350	300	300	60	60	60	60	0	0	0	0	0	0	0	0	0	0	0	0	0	0	0	0	0.1686275	0.0	0.0	0.0	8	0
7709	1237	446	350	350	300	300	60	60	60	60	0	0	0	0	0	0	0	0	0	0	0	0	0	0	0	0	0.1686275	0.0	0.0	0.0	8	0
7742	1278	705	350	350	300	300	60	60	60	60	0	0	0	0	0	0	0	0	0	0	0	0	0	0	0	0	0.1686275	0.0	0.0	0.0	8	0
7775	1165	742	350	350	300	300	60	60	60	60	0	0	0	0	0	0	0	0	0	0	0	0	0	0	0	0	0.1686275	0.0	0.0	0.0	8	0
7809	1141	1085	350	350	300	300	60	60	60	60	0	0	0	0	0	0	0	0	0	0	0	0	0	0	0	0	0.1686275	0.0	0.0	0.0	8	0
7842	1130	357	350	350	300	300	60	60	60	60	0	0	0	0	0	0	0	0	0	0	0	0	0	0	0	0	0.1686275	0.0	0.0	0.0	8	0
7876	455	1018	350	350	300	300	60	60	60	60	0	0	0	0	0	0	0	0	0	0	0	0	0	0	0	0	0.1686275	0.0	0.0	0.0	8	0
7922	903	810	350	350	300	300	60	60	60	60	0	0	0	0	0	0	0	0	0	0	0	0	0	0	0	0	0.1686275	0.0	0.0	0.0	8	0
7959	1061	353	350	350	300	300	60	60	60	60	0	0	0	0	0	0	0	0	0	0	0	0	0	0	0	0	0.1686275	0.0	0.0	0.0	8	0
7992	1242	713	350	350	300	300	60	60	60	60	0	0	0	0	0	0	0	0	0	0	0	0	0	0	0	0	0.1686275	0.0	0.0	0.0	8	0
8025	1146	1200	350	350	300	300	60	60	60	60	0	0	0	0	0	0	0	0	0	0	0	0	0	0	0	0	0.1686275	0.0	0.0	0.0	8	0
8059	898	612	350	350	300	300	60	60	60	60	0	0	0	0	0	0	0	0	0	0	0	0	0	0	0	0	0.1686275	0.0	0.0	0.0	8	0
8092	962	501	350	350	300	300	60	60	60	60	0	0	0	0	0	0	0	0	0	0	0	0	0	0	0	0	0.1686275	0.0	0.0	0.0	8	0
8125	1368	165	350	350	300	300	60	60	60	60	0	0	0	0	0	0	0	0	0	0	0	0	0	0	0	0	0.1686275	0.0	0.0	0.0	8	0
8158	517	1104	350	350	300	300	60	60	60	60	0	0	0	0	0	0	0	0	0	0	0	0	0	0	0	0	0.1686275	0.0	0.0	0.0	8	0
8193	1006	734	350	350	300	300	60	60	60	60	0	0	0	0	0	0	0	0	0	0	0	0	0	0	0	0	0.1686275	0.0	0.0	0.0	8	0
8226	1392	645	350	350	300	300	60	60	60	60	0	0	0	0	0	0	0	0	0	0	0	0	0	0	0	0	0.1686275	0.0	0.0	0.0	8	0
8254	1187	304	350	350	300	300	60	60	60	60	0	0	0	0	0	0	0	0	0	0	0	0	0	0	0	0	0.1686275	0.0	0.0	0.0	8	0
8289	1032	426	350	350	300	300	60	60	60	60	0	0	0	0	0	0	0	0	0	0	0	0	0	0	0	0	0.1686275	0.0	0.0	0.0	8	0
8326	807	308	350	350	300	300	60	60	60	60	0	0	0	0	0	0	0	0	0	0	0	0	0	0	0	0	0.1686275	0.0	0.0	0.0	8	0
8355	1000	955	350	350	300	300	60	60	60	60	0	0	0	0	0	0	0	0	0	0	0	0	0	0	0	0	0.1686275	0.0	0.0	0.0	8	0
8393	474	645	350	350	300	300	60	60	60	60	0	0	0	0	0	0	0	0	0	0	0	0	0	0	0	0	0.1686275	0.0	0.0	0.0	8	0
8426	634	830	350	350	300	300	60	60	60	60	0	0	0	0	0	0	0	0	0	0	0	0	0	0	0	0	0.1686275	0.0	0.0	0.0	8	0
8459	1490	745	350	350	300	300	60	60	60	60	0	0	0	0	0	0	0	0	0	0	0	0	0	0	0	0	0.1686275	0.0	0.0	0.0	8	0
8493	840	537	350	350	300	300	60	60	60	60	0	0	0	0	0	0	0	0	0	0	0	0	0	0	0	0	0.1686275	0.0	0.0	0.0	8	0
8526	881	793	350	350	300	300	60	60	60	60	0	0	0	0	0	0	0	0	0	0	0	0	0	0	0	0	0.1686275	0.0	0.0	0.0	8	0
8559	1541	110	350	350	300	300	60	60	60	60	0	0	0	0	0	0	0	0	0	0	0	0	0	0	0	0	0.1686275	0.0	0.0	0.0	8	0
8589	970	1014	350	350	300	300	60	60	60	60	0	0	0	0	0	0	0	0	0	0	0	0	0	0	0	0	0.1686275	0.0	0.0	0.0	8	0
8626	797	787	350	350	300	300	60	60	60	60	0	0	0	0	0	0	0	0	0	0	0	0	0	0	0	0	0.1686275	0.0	0.0	0.0	8	0
8655	1145	829	350	350	300	300	60	60	60	60	0	0	0	0	0	0	0	0	0	0	0	0	0	0	0	0	0.1686275	0.0	0.0	0.0	8	0
8691	1600	220	350	350	300	300	60	60	60	60	0	0	0	0	0	0	0	0	0	0	0	0	0	0	0	0	0.1686275	0.0	0.0	0.0	8	0
8725	1037	854	350	350	300	300	60	60	60	60	0	0	0	0	0	0	0	0	0	0	0	0	0	0	0	0	0.1686275	0.0	0.0	0.0	8	0
8759	856	735	350	350	300	300	60	60	60	60	0	0	0	0	0	0	0	0	0	0	0	0	0	0	0	0	0.1686275	0.0	0.0	0.0	8	0
8789	985	648	350	350	300	300	60	60	60	60	0	0	0	0	0	0	0	0	0	0	0	0	0	0	0	0	0.1686275	0.0	0.0	0.0	8	0
8822	651	146	350	350	300	300	60	60	60	60	0	0	0	0	0	0	0	0	0	0	0	0	0	0	0	0	0.1686275	0.0	0.0	0.0	8	0
8859	1230	1053	350	350	300	300	60	60	60	60	0	0	0	0	0	0	0	0	0	0	0	0	0	0	0	0	0.1686275	0.0	0.0	0.0	8	0
8892	963	307	350	350	300	300	60	60	60	60	0	0	0	0	0	0	0	0	0	0	0	0	0	0	0	0	0.1686275	0.0	0.0	0.0	8	0
8925	1050	239	350	350	300	300	60	60	60	60	0	0	0	0	0	0	0	0	0	0	0	0	0	0	0	0	0.1686275	0.0	0.0	0.0	8	0
8955	809	929	350	350	300	300	60	60	60	60	0	0	0	0	0	0	0	0	0	0	0	0	0	0	0	0	0.1686275	0.0	0.0	0.0	8	0
8993	859	397	350	350	300	300	60	60	60	60	0	0	0	0	0	0	0	0	0	0	0	0	0	0	0	0	0.1686275	0.0	0.0	0.0	8	0
9026	1642	938	350	350	300	300	60	60	60	60	0	0	0	0	0	0	0	0	0	0	0	0	0	0	0	0	0.1686275	0.0	0.0	0.0	8	0
9059	666	1200	350	350	300	300	60	60	60	60	0	0	0	0	0	0	0	0	0	0	0	0	0	0	0	0	0.1686275	0.0	0.0	0.0	8	0
9089	831	1013	350	350	300	300	60	60	60	60	0	0	0	0	0	0	0	0	0	0	0	0	0	0	0	0	0.1686275	0.0	0.0	0.0	8	0
9126	768	512	350	350	300	300	60	60	60	60	0	0	0	0	0	0	0	0	0	0	0	0	0	0	0	0	0.1686275	0.0	0.0	0.0	8	0
9159	722	303	350	350	300	300	60	60	60	60	0	0	0	0	0	0	0	0	0	0	0	0	0	0	0	0	0.1686275	0.0	0.0	0.0	8	0
9189	1560	550	350	350	300	300	60	60	60	60	0	0	0	0	0	0	0	0	0	0	0	0	0	0	0	0	0.1686275	0.0	0.0	0.0	8	0
9226	531	311	350	350	300	300	60	60	60	60	0	0	0	0	0	0	0	0	0	0	0	0	0	0	0	0	0.1686275	0.0	0.0	0.0	8	0
9255	1058	820	350	350	300	300	60	60	60	60	0	0	0	0	0	0	0	0	0	0	0	0	0	0	0	0	0.1686275	0.0	0.0	0.0	8	0
9290	917	526	350	350	300	300	60	60	60	60	0	0	0	0	0	0	0	0	0	0	0	0	0	0	0	0	0.1686275	0.0	0.0	0.0	8	0
9326	879	387	350	350	300	300	60	60	60	60	0	0	0	0	0	0	0	0	0	0	0	0	0	0	0	0	0.1686275	0.0	0.0	0.0	8	0
9354	1228	275	350	350	300	300	60	60	60	60	0	0	0	0	0	0	0	0	0	0	0	0	0	0	0	0	0.1686275	0.0	0.0	0.0	8	0
9387	759	343	350	350	300	300	60	60	60	60	0	0	0	0	0	0	0	0	0	0	0	0	0	0	0	0	0.1686275	0.0	0.0	0.0	8	0
9426	1259	523	350	350	300	300	60	60	60	60	0	0	0	0	0	0	0	0	0	0	0	0	0	0	0	0	0.1686275	0.0	0.0	0.0	8	0
9459	1263	1200	350	350	300	300	60	60	60	60	0	0	0	0	0	0	0	0	0	0	0	0	0	0	0	0	0.1686275	0.0	0.0	0.0	8	0
9489	1113	594	350	350	300	300	60	60	60	60	0	0	0	0	0	0	0	0	0	0	0	0	0	0	0	0	0.1686275	0.0	0.0	0.0	8	0
9526	849	272	350	350	300	300	60	60	60	60	0	0	0	0	0	0	0	0	0	0	0	0	0	0	0	0	0.1686275	0.0	0.0	0.0	8	0
9555	1030	224	350	350	300	300	60	60	60	60	0	0	0	0	0	0	0	0	0	0	0	0	0	0	0	0	0.1686275	0.0	0.0	0.0	8	0
9591	948	310	350	350	300	300	60	60	60	60	0	0	0	0	0	0	0	0	0	0	0	0	0	0	0	0	0.1686275	0.0	0.0	0.0	8	0
9626	857	862	350	350	300	300	60	60	60	60	0	0	0	0	0	0	0	0	0	0	0	0	0	0	0	0	0.1686275	0.0	0.0	0.0	8	0
9654	920	51	350	350	300	300	60	60	60	60	0	0	0	0	0	0	0	0	0	0	0	0	0	0	0	0	0.1686275	0.0	0.0	0.0	8	0
9688	1541	518	350	350	300	300	60	60	60	60	0	0	0	0	0	0	0	0	0	0	0	0	0	0	0	0	0.1686275	0.0	0.0	0.0	8	0
9725	489	1200	350	350	300	300	60	60	60	60	0	0	0	0	0	0	0	0	0	0	0	0	0	0	0	0	0.1686275	0.0	0.0	0.0	8	0
9754	1296	173	350	350	300	300	60	60	60	60	0	0	0	0	0	0	0	0	0	0	0	0	0	0	0	0	0.1686275	0.0	0.0	0.0	8	0
9789	1108	724	350	350	300	300	60	60	60	60	0	0	0	0	0	0	0	0	0	0	0	0	0	0	0	0	0.1686275	0.0	0.0	0.0	8	0
9825	781	677	350	350	300	300	60	60	60	60	0	0	0	0	0	0	0	0	0	0	0	0	0	0	0	0	0.1686275	0.0	0.0	0.0	8	0
9856	585	339	350	350	300	300	60	60	60	60	0	0	0	0	0	0	0	0	0	0	0	0	0	0	0	0	0.1686275	0.0	0.0	0.0	8	0
10393	1247	815	350	350	300	300	60	60	60	60	0	0	0	0	0	0	0	0	0	0	0	0	0	0	0	0	0.1686275	0.0	0.0	0.0	8	0
10430	953	372	350	350	300	300	60	60	60	60	0	0	0	0	0	0	0	0	0	0	0	0	0	0	0	0	0.1686275	0.0	0.0	0.0	8	0
10494	771	902	350	350	300	300	60	60	60	60	0	0	0	0	0	0	0	0	0	0	0	0	0	0	0	0	0.1686275	0.0	0.0	0.0	8	0
10533	1177	545	350	350	300	300	60	60	60	60	0	0	0	0	0	0	0	0	0	0	0	0	0	0	0	0	0.1686275	0.0	0.0	0.0	8	0
10570	663	853	350	350	300	300	60	60	60	60	0	0	0	0	0	0	0	0	0	0	0	0	0	0	0	0	0.1686275	0.0	0.0	0.0	8	0
11076	583	513	350	350	300	300	60	60	60	60	0	0	0	0	0	0	0	0	0	0	0	0	0	0	0	0	0.1686275	0.0	0.0	0.0	8	0
11109	1157	482	350	350	300	300	60	60	60	60	0	0	0	0	0	0	0	0	0	0	0	0	0	0	0	0	0.1686275	0.0	0.0	0.0	8	0
11152	891	602	350	350	300	300	60	60	60	60	0	0	0	0	0	0	0	0	0	0	0	0	0	0	0	0	0.1686275	0.0	0.0	0.0	8	0
11184	1385	183	350	350	300	300	60	60	60	60	0	0	0	0	0	0	0	0	0	0	0	0	0	0	0	0	0.1686275	0.0	0.0	0.0	8	0
11218	539	364	350	350	300	300	60	60	60	60	0	0	0	0	0	0	0	0	0	0	0	0	0	0	0	0	0.1686275	0.0	0.0	0.0	8	0
11251	616	736	350	350	300	300	60	60	60	60	0	0	0	0	0	0	0	0	0	0	0	0	0	0	0	0	0.1686275	0.0	0.0	0.0	8	0
11285	1104	783	350	350	300	300	60	60	60	60	0	0	0	0	0	0	0	0	0	0	0	0	0	0	0	0	0.1686275	0.0	0.0	0.0	8	0
11321	1104	457	350	350	300	300	60	60	60	60	0	0	0	0	0	0	0	0	0	0	0	0	0	0	0	0	0.1686275	0.0	0.0	0.0	8	0
11355	885	918	350	350	300	300	60	60	60	60	0	0	0	0	0	0	0	0	0	0	0	0	0	0	0	0	0.1686275	0.0	0.0	0.0	8	0
11387	1439	545	350	350	300	300	60	60	60	60	0	0	0	0	0	0	0	0	0	0	0	0	0	0	0	0	0.1686275	0.0	0.0	0.0	8	0
11422	722	577	350	350	300	300	60	60	60	60	0	0	0	0	0	0	0	0	0	0	0	0	0	0	0	0	0.1686275	0.0	0.0	0.0	8	0
11455	1000	765	350	350	300	300	60	60	60	60	0	0	0	0	0	0	0	0	0	0	0	0	0	0	0	0	0.1686275	0.0	0.0	0.0	8	0
11484	1211	695	350	350	300	300	60	60	60	60	0	0	0	0	0	0	0	0	0	0	0	0	0	0	0	0	0.1686275	0.0	0.0	0.0	8	0
11517	873	448	350	350	300	300	60	60	60	60	0	0	0	0	0	0	0	0	0	0	0	0	0	0	0	0	0.1686275	0.0	0.0	0.0	8	0
11552	1323	610	350	350	300	300	60	60	60	60	0	0	0	0	0	0	0	0	0	0	0	0	0	0	0	0	0.1686275	0.0	0.0	0.0	8	0
11589	846	1200	350	350	300	300	60	60	60	60	0	0	0	0	0	0	0	0	0	0	0	0	0	0	0	0	0.1686275	0.0	0.0	0.0	8	0
11618	619	337	350	350	300	300	60	60	60	60	0	0	0	0	0	0	0	0	0	0	0	0	0	0	0	0	0.1686275	0.0	0.0	0.0	8	0
11656	444	824	350	350	300	300	60	60	60	60	0	0	0	0	0	0	0	0	0	0	0	0	0	0	0	0	0.1686275	0.0	0.0	0.0	8	0
11689	1597	263	350	350	300	300	60	60	60	60	0	0	0	0	0	0	0	0	0	0	0	0	0	0	0	0	0.1686275	0.0	0.0	0.0	8	0
11722	1368	829	350	350	300	300	60	60	60	60	0	0	0	0	0	0	0	0	0	0	0	0	0	0	0	0	0.1686275	0.0	0.0	0.0	8	0
11753	532	623	350	350	300	300	60	60	60	60	0	0	0	0	0	0	0	0	0	0	0	0	0	0	0	0	0.1686275	0.0	0.0	0.0	8	0
11788	929	752	350	350	300	300	60	60	60	60	0	0	0	0	0	0	0	0	0	0	0	0	0	0	0	0	0.1686275	0.0	0.0	0.0	8	0
11819	926	365	350	350	300	300	60	60	60	60	0	0	0	0	0	0	0	0	0	0	0	0	0	0	0	0	0.1686275	0.0	0.0	0.0	8	0
11852	873	870	350	350	300	300	60	60	60	60	0	0	0	0	0	0	0	0	0	0	0	0	0	0	0	0	0.1686275	0.0	0.0	0.0	8	0
11888	1373	940	350	350	300	300	60	60	60	60	0	0	0	0	0	0	0	0	0	0	0	0	0	0	0	0	0.1686275	0.0	0.0	0.0	8	0
11918	1009	480	350	350	300	300	60	60	60	60	0	0	0	0	0	0	0	0	0	0	0	0	0	0	0	0	0.1686275	0.0	0.0	0.0	8	0
11951	1219	808	350	350	300	300	60	60	60	60	0	0	0	0	0	0	0	0	0	0	0	0	0	0	0	0	0.1686275	0.0	0.0	0.0	8	0
11985	1469	237	350	350	300	300	60	60	60	60	0	0	0	0	0	0	0	0	0	0	0	0	0	0	0	0	0.1686275	0.0	0.0	0.0	8	0
12018	934	1200	350	350	300	300	60	60	60	60	0	0	0	0	0	0	0	0	0	0	0	0	0	0	0	0	0.1686275	0.0	0.0	0.0	8	0
12051	781	159	350	350	300	300	60	60	60	60	0	0	0	0	0	0	0	0	0	0	0	0	0	0	0	0	0.1686275	0.0	0.0	0.0	8	0
12086	746	1180	350	350	300	300	60	60	60	60	0	0	0	0	0	0	0	0	0	0	0	0	0	0	0	0	0.1686275	0.0	0.0	0.0	8	0
12119	466	749	350	350	300	300	60	60	60	60	0	0	0	0	0	0	0	0	0	0	0	0	0	0	0	0	0.1686275	0.0	0.0	0.0	8	0
12152	642	1030	350	350	300	300	60	60	60	60	0	0	0	0	0	0	0	0	0	0	0	0	0	0	0	0	0.1686275	0.0	0.0	0.0	8	0
12189	1051	587	350	350	300	300	60	60	60	60	0	0	0	0	0	0	0	0	0	0	0	0	0	0	0	0	0.1686275	0.0	0.0	0.0	8	0
12223	1002	859	350	350	300	300	60	60	60	60	0	0	0	0	0	0	0	0	0	0	0	0	0	0	0	0	0.1686275	0.0	0.0	0.0	8	0
12252	919	472	350	350	300	300	60	60	60	60	0	0	0	0	0	0	0	0	0	0	0	0	0	0	0	0	0.1686275	0.0	0.0	0.0	8	0
12285	1467	602	350	350	300	300	60	60	60	60	0	0	0	0	0	0	0	0	0	0	0	0	0	0	0	0	0.1686275	0.0	0.0	0.0	8	0
12318	1031	612	350	350	300	300	60	60	60	60	0	0	0	0	0	0	0	0	0	0	0	0	0	0	0	0	0.1686275	0.0	0.0	0.0	8	0
12356	1259	827	350	350	300	300	60	60	60	60	0	0	0	0	0	0	0	0	0	0	0	0	0	0	0	0	0.1686275	0.0	0.0	0.0	8	0
12386	860	282	350	350	300	300	60	60	60	60	0	0	0	0	0	0	0	0	0	0	0	0	0	0	0	0	0.1686275	0.0	0.0	0.0	8	0
12419	1316	819	350	350	300	300	60	60	60	60	0	0	0	0	0	0	0	0	0	0	0	0	0	0	0	0	0.1686275	0.0	0.0	0.0	8	0
12456	298	1199	350	350	300	300	60	60	60	60	0	0	0	0	0	0	0	0	0	0	0	0	0	0	0	0	0.1686275	0.0	0.0	0.0	8	0
12483	1051	934	350	350	300	300	60	60	60	60	0	0	0	0	0	0	0	0	0	0	0	0	0	0	0	0	0.1686275	0.0	0.0	0.0	8	0
12519	950	286	350	350	300	300	60	60	60	60	0	0	0	0	0	0	0	0	0	0	0	0	0	0	0	0	0.1686275	0.0	0.0	0.0	8	0
12556	1199	366	350	350	300	300	60	60	60	60	0	0	0	0	0	0	0	0	0	0	0	0	0	0	0	0	0.1686275	0.0	0.0	0.0	8	0
12586	629	740	350	350	300	300	60	60	60	60	0	0	0	0	0	0	0	0	0	0	0	0	0	0	0	0	0.1686275	0.0	0.0	0.0	8	0
12619	1174	556	350	350	300	300	60	60	60	60	0	0	0	0	0	0	0	0	0	0	0	0	0	0	0	0	0.1686275	0.0	0.0	0.0	8	0
12652	726	737	350	350	300	300	60	60	60	60	0	0	0	0	0	0	0	0	0	0	0	0	0	0	0	0	0.1686275	0.0	0.0	0.0	8	0
12690	463	392	350	350	300	300	60	60	60	60	0	0	0	0	0	0	0	0	0	0	0	0	0	0	0	0	0.1686275	0.0	0.0	0.0	8	0
12718	638	550	350	350	300	300	60	60	60	60	0	0	0	0	0	0	0	0	0	0	0	0	0	0	0	0	0.1686275	0.0	0.0	0.0	8	0
12753	1384	719	350	350	300	300	60	60	60	60	0	0	0	0	0	0	0	0	0	0	0	0	0	0	0	0	0.1686275	0.0	0.0	0.0	8	0
12786	1139	1032	350	350	300	300	60	60	60	60	0	0	0	0	0	0	0	0	0	0	0	0	0	0	0	0	0.1686275	0.0	0.0	0.0	8	0
12819	813	763	350	350	300	300	60	60	60	60	0	0	0	0	0	0	0	0	0	0	0	0	0	0	0	0	0.1686275	0.0	0.0	0.0	8	0
12855	698	326	350	350	300	300	60	60	60	60	0	0	0	0	0	0	0	0	0	0	0	0	0	0	0	0	0.1686275	0.0	0.0	0.0	8	0
12885	1060	10	350	350	300	300	60	60	60	60	0	0	0	0	0	0	0	0	0	0	0	0	0	0	0	0	0.1686275	0.0	0.0	0.0	8	0
12917	597	257	350	350	300	300	60	60	60	60	0	0	0	0	0	0	0	0	0	0	0	0	0	0	0	0	0.1686275	0.0	0.0	0.0	8	0
12951	618	506	350	350	300	300	60	60	60	60	0	0	0	0	0	0	0	0	0	0	0	0	0	0	0	0	0.1686275	0.0	0.0	0.0	8	0
12984	896	706	350	350	300	300	60	60	60	60	0	0	0	0	0	0	0	0	0	0	0	0	0	0	0	0	0.1686275	0.0	0.0	0.0	8	0
13018	1470	0	350	350	300	300	60	60	60	60	0	0	0	0	0	0	0	0	0	0	0	0	0	0	0	0	0.1686275	0.0	0.0	0.0	8	0
13051	1064	543	350	350	300	300	60	60	60	60	0	0	0	0	0	0	0	0	0	0	0	0	0	0	0	0	0.1686275	0.0	0.0	0.0	8	0
13089	996	194	350	350	300	300	60	60	60	60	0	0	0	0	0	0	0	0	0	0	0	0	0	0	0	0	0.1686275	0.0	0.0	0.0	8	0
13120	917	1013	350	350	300	300	60	60	60	60	0	0	0	0	0	0	0	0	0	0	0	0	0	0	0	0	0.1686275	0.0	0.0	0.0	8	0
13155	765	454	350	350	300	300	60	60	60	60	0	0	0	0	0	0	0	0	0	0	0	0	0	0	0	0	0.1686275	0.0	0.0	0.0	8	0
13188	833	466	350	350	300	300	60	60	60	60	0	0	0	0	0	0	0	0	0	0	0	0	0	0	0	0	0.1686275	0.0	0.0	0.0	8	0
13218	601	626	350	350	300	300	60	60	60	60	0	0	0	0	0	0	0	0	0	0	0	0	0	0	0	0	0.1686275	0.0	0.0	0.0	8	0
13253	1073	676	350	350	300	300	60	60	60	60	0	0	0	0	0	0	0	0	0	0	0	0	0	0	0	0	0.1686275	0.0	0.0	0.0	8	0
13285	897	661	350	350	300	300	60	60	60	60	0	0	0	0	0	0	0	0	0	0	0	0	0	0	0	0	0.1686275	0.0	0.0	0.0	8	0
13320	686	371	350	350	300	300	60	60	60	60	0	0	0	0	0	0	0	0	0	0	0	0	0	0	0	0	0.1686275	0.0	0.0	0.0	8	0
13352	1588	662	350	350	300	300	60	60	60	60	0	0	0	0	0	0	0	0	0	0	0	0	0	0	0	0	0.1686275	0.0	0.0	0.0	8	0
13389	979	865	350	350	300	300	60	60	60	60	0	0	0	0	0	0	0	0	0	0	0	0	0	0	0	0	0.1686275	0.0	0.0	0.0	8	0
13419	1131	0	350	350	300	300	60	60	60	60	0	0	0	0	0	0	0	0	0	0	0	0	0	0	0	0	0.1686275	0.0	0.0	0.0	8	0
13455	1338	903	350	350	300	300	60	60	60	60	0	0	0	0	0	0	0	0	0	0	0	0	0	0	0	0	0.1686275	0.0	0.0	0.0	8	0
13485	964	0	350	350	300	300	60	60	60	60	0	0	0	0	0	0	0	0	0	0	0	0	0	0	0	0	0.1686275	0.0	0.0	0.0	8	0
13521	229	1200	350	350	300	300	60	60	60	60	0	0	0	0	0	0	0	0	0	0	0	0	0	0	0	0	0.1686275	0.0	0.0	0.0	8	0
13552	940	819	350	350	300	300	60	60	60	60	0	0	0	0	0	0	0	0	0	0	0	0	0	0	0	0	0.1686275	0.0	0.0	0.0	8	0
13585	1276	560	350	350	300	300	60	60	60	60	0	0	0	0	0	0	0	0	0	0	0	0	0	0	0	0	0.1686275	0.0	0.0	0.0	8	0
13619	1189	609	350	350	300	300	60	60	60	60	0	0	0	0	0	0	0	0	0	0	0	0	0	0	0	0	0.1686275	0.0	0.0	0.0	8	0
13652	1048	615	350	350	300	300	60	60	60	60	0	0	0	0	0	0	0	0	0	0	0	0	0	0	0	0	0.1686275	0.0	0.0	0.0	8	0
13685	833	0	350	350	300	300	60	60	60	60	0	0	0	0	0	0	0	0	0	0	0	0	0	0	0	0	0.1686275	0.0	0.0	0.0	8	0
13719	931	251	350	350	300	300	60	60	60	60	0	0	0	0	0	0	0	0	0	0	0	0	0	0	0	0	0.1686275	0.0	0.0	0.0	8	0
13752	1171	403	350	350	300	300	60	60	60	60	0	0	0	0	0	0	0	0	0	0	0	0	0	0	0	0	0.1686275	0.0	0.0	0.0	8	0
13785	793	972	350	350	300	300	60	60	60	60	0	0	0	0	0	0	0	0	0	0	0	0	0	0	0	0	0.1686275	0.0	0.0	0.0	8	0
13818	725	434	350	350	300	300	60	60	60	60	0	0	0	0	0	0	0	0	0	0	0	0	0	0	0	0	0.1686275	0.0	0.0	0.0	8	0
13852	590	750	350	350	300	300	60	60	60	60	0	0	0	0	0	0	0	0	0	0	0	0	0	0	0	0	0.1686275	0.0	0.0	0.0	8	0
13885	1468	553	350	350	300	300	60	60	60	60	0	0	0	0	0	0	0	0	0	0	0	0	0	0	0	0	0.1686275	0.0	0.0	0.0	8	0
13919	1103	788	350	350	300	300	60	60	60	60	0	0	0	0	0	0	0	0	0	0	0	0	0	0	0	0	0.1686275	0.0	0.0	0.0	8	0
13953	1346	318	350	350	300	300	60	60	60	60	0	0	0	0	0	0	0	0	0	0	0	0	0	0	0	0	0.1686275	0.0	0.0	0.0	8	0
13986	1125	599	350	350	300	300	60	60	60	60	0	0	0	0	0	0	0	0	0	0	0	0	0	0	0	0	0.1686275	0.0	0.0	0.0	8	0
14019	696	1200	350	350	300	300	60	60	60	60	0	0	0	0	0	0	0	0	0	0	0	0	0	0	0	0	0.1686275	0.0	0.0	0.0	8	0
14055	872	608	350	350	300	300	60	60	60	60	0	0	0	0	0	0	0	0	0	0	0	0	0	0	0	0	0.1686275	0.0	0.0	0.0	8	0
14085	851	281	350	350	300	300	60	60	60	60	0	0	0	0	0	0	0	0	0	0	0	0	0	0	0	0	0.1686275	0.0	0.0	0.0	8	0
14119	1185	589	350	350	300	300	60	60	60	60	0	0	0	0	0	0	0	0	0	0	0	0	0	0	0	0	0.1686275	0.0	0.0	0.0	8	0
14153	1034	0	350	350	300	300	60	60	60	60	0	0	0	0	0	0	0	0	0	0	0	0	0	0	0	0	0.1686275	0.0	0.0	0.0	8	0
14186	700	601	350	350	300	300	60	60	60	60	0	0	0	0	0	0	0	0	0	0	0	0	0	0	0	0	0.1686275	0.0	0.0	0.0	8	0
14219	1164	882	350	350	300	300	60	60	60	60	0	0	0	0	0	0	0	0	0	0	0	0	0	0	0	0	0.1686275	0.0	0.0	0.0	8	0
14253	1456	899	350	350	300	300	60	60	60	60	0	0	0	0	0	0	0	0	0	0	0	0	0	0	0	0	0.1686275	0.0	0.0	0.0	8	0
14289	975	570	350	350	300	300	60	60	60	60	0	0	0	0	0	0	0	0	0	0	0	0	0	0	0	0	0.1686275	0.0	0.0	0.0	8	0
14320	800	243	350	350	300	300	60	60	60	60	0	0	0	0	0	0	0	0	0	0	0	0	0	0	0	0	0.1686275	0.0	0.0	0.0	8	0
14355	1217	0	350	350	300	300	60	60	60	60	0	0	0	0	0	0	0	0	0	0	0	0	0	0	0	0	0.1686275	0.0	0.0	0.0	8	0
14386	1002	323	350	350	300	300	60	60	60	60	0	0	0	0	0	0	0	0	0	0	0	0	0	0	0	0	0.1686275	0.0	0.0	0.0	8	0
14419	713	1104	350	350	300	300	60	60	60	60	0	0	0	0	0	0	0	0	0	0	0	0	0	0	0	0	0.1686275	0.0	0.0	0.0	8	0
14453	1479	427	350	350	300	300	60	60	60	60	0	0	0	0	0	0	0	0	0	0	0	0	0	0	0	0	0.1686275	0.0	0.0	0.0	8	0
14486	780	262	350	350	300	300	60	60	60	60	0	0	0	0	0	0	0	0	0	0	0	0	0	0	0	0	0.1686275	0.0	0.0	0.0	8	0
14520	816	413	350	350	300	300	60	60	60	60	0	0	0	0	0	0	0	0	0	0	0	0	0	0	0	0	0.1686275	0.0	0.0	0.0	8	0
14553	1299	77	350	350	300	300	60	60	60	60	0	0	0	0	0	0	0	0	0	0	0	0	0	0	0	0	0.1686275	0.0	0.0	0.0	8	0
14587	896	406	350	350	300	300	60	60	60	60	0	0	0	0	0	0	0	0	0	0	0	0	0	0	0	0	0.1686275	0.0	0.0	0.0	8	0
14620	1127	398	350	350	300	300	60	60	60	60	0	0	0	0	0	0	0	0	0	0	0	0	0	0	0	0	0.1686275	0.0	0.0	0.0	8	0
14655	1155	533	350	350	300	300	60	60	60	60	0	0	0	0	0	0	0	0	0	0	0	0	0	0	0	0	0.1686275	0.0	0.0	0.0	8	0
14687	1474	245	350	350	300	300	60	60	60	60	0	0	0	0	0	0	0	0	0	0	0	0	0	0	0	0	0.1686275	0.0	0.0	0.0	8	0
14720	639	781	350	350	300	300	60	60	60	60	0	0	0	0	0	0	0	0	0	0	0	0	0	0	0	0	0.1686275	0.0	0.0	0.0	8	0
14754	1248	466	350	350	300	300	60	60	60	60	0	0	0	0	0	0	0	0	0	0	0	0	0	0	0	0	0.1686275	0.0	0.0	0.0	8	0
14787	1076	576	350	350	300	300	60	60	60	60	0	0	0	0	0	0	0	0	0	0	0	0	0	0	0	0	0.1686275	0.0	0.0	0.0	8	0
14820	830	675	350	350	300	300	60	60	60	60	0	0	0	0	0	0	0	0	0	0	0	0	0	0	0	0	0.1686275	0.0	0.0	0.0	8	0
14854	792	676	350	350	300	300	60	60	60	60	0	0	0	0	0	0	0	0	0	0	0	0	0	0	0	0	0.1686275	0.0	0.0	0.0	8	0
14889	1245	802	350	350	300	300	60	60	60	60	0	0	0	0	0	0	0	0	0	0	0	0	0	0	0	0	0.1686275	0.0	0.0	0.0	8	0
14921	1347	524	350	350	300	300	60	60	60	60	0	0	0	0	0	0	0	0	0	0	0	0	0	0	0	0	0.1686275	0.0	0.0	0.0	8	0
14954	918	980	350	350	300	300	60	60	60	60	0	0	0	0	0	0	0	0	0	0	0	0	0	0	0	0	0.1686275	0.0	0.0	0.0	8	0
14985	1231	0	350	350	300	300	60	60	60	60	0	0	0	0	0	0	0	0	0	0	0	0	0	0	0	0	0.1686275	0.0	0.0	0.0	8	0
15021	736	386	350	350	300	300	60	60	60	60	0	0	0	0	0	0	0	0	0	0	0	0	0	0	0	0	0.1686275	0.0	0.0	0.0	8	0
15054	1050	422	350	350	300	300	60	60	60	60	0	0	0	0	0	0	0	0	0	0	0	0	0	0	0	0	0.1686275	0.0	0.0	0.0	8	0
15087	1175	749	350	350	300	300	60	60	60	60	0	0	0	0	0	0	0	0	0	0	0	0	0	0	0	0	0.1686275	0.0	0.0	0.0	8	0
15121	647	817	350	350	300	300	60	60	60	60	0	0	0	0	0	0	0	0	0	0	0	0	0	0	0	0	0.1686275	0.0	0.0	0.0	8	0
15154	726	438	350	350	300	300	60	60	60	60	0	0	0	0	0	0	0	0	0	0	0	0	0	0	0	0	0.1686275	0.0	0.0	0.0	8	0
15188	1009	8	350	350	300	300	60	60	60	60	0	0	0	0	0	0	0	0	0	0	0	0	0	0	0	0	0.1686275	0.0	0.0	0.0	8	0
15221	1131	505	350	350	300	300	60	60	60	60	0	0	0	0	0	0	0	0	0	0	0	0	0	0	0	0	0.1686275	0.0	0.0	0.0	8	0
15255	1184	395	350	350	300	300	60	60	60	60	0	0	0	0	0	0	0	0	0	0	0	0	0	0	0	0	0.1686275	0.0	0.0	0.0	8	0
15287	1217	520	350	350	300	300	60	60	60	60	0	0	0	0	0	0	0	0	0	0	0	0	0	0	0	0	0.1686275	0.0	0.0	0.0	8	0
15321	960	943	350	350	300	300	60	60	60	60	0	0	0	0	0	0	0	0	0	0	0	0	0	0	0	0	0.1686275	0.0	0.0	0.0	8	0
15354	749	505	350	350	300	300	60	60	60	60	0	0	0	0	0	0	0	0	0	0	0	0	0	0	0	0	0.1686275	0.0	0.0	0.0	8	0
15388	1143	816	350	350	300	300	60	60	60	60	0	0	0	0	0	0	0	0	0	0	0	0	0	0	0	0	0.1686275	0.0	0.0	0.0	8	0
15420	1123	458	350	350	300	300	60	60	60	60	0	0	0	0	0	0	0	0	0	0	0	0	0	0	0	0	0.1686275	0.0	0.0	0.0	8	0
15455	887	690	350	350	300	300	60	60	60	60	0	0	0	0	0	0	0	0	0	0	0	0	0	0	0	0	0.1686275	0.0	0.0	0.0	8	0
15488	410	97	350	350	300	300	60	60	60	60	0	0	0	0	0	0	0	0	0	0	0	0	0	0	0	0	0.1686275	0.0	0.0	0.0	8	0
15521	467	1031	350	350	300	300	60	60	60	60	0	0	0	0	0	0	0	0	0	0	0	0	0	0	0	0	0.1686275	0.0	0.0	0.0	8	0
15555	634	555	350	350	300	300	60	60	60	60	0	0	0	0	0	0	0	0	0	0	0	0	0	0	0	0	0.1686275	0.0	0.0	0.0	8	0
15588	1028	90	350	350	300	300	60	60	60	60	0	0	0	0	0	0	0	0	0	0	0	0	0	0	0	0	0.1686275	0.0	0.0	0.0	8	0
15622	719	619	350	350	300	300	60	60	60	60	0	0	0	0	0	0	0	0	0	0	0	0	0	0	0	0	0.1686275	0.0	0.0	0.0	8	0
15655	460	495	350	350	300	300	60	60	60	60	0	0	0	0	0	0	0	0	0	0	0	0	0	0	0	0	0.1686275	0.0	0.0	0.0	8	0
15689	668	438	350	350	300	300	60	60	60	60	0	0	0	0	0	0	0	0	0	0	0	0	0	0	0	0	0.1686275	0.0	0.0	0.0	8	0
15722	1130	467	350	350	300	300	60	60	60	60	0	0	0	0	0	0	0	0	0	0	0	0	0	0	0	0	0.1686275	0.0	0.0	0.0	8	0
15753	624	203	350	350	300	300	60	60	60	60	0	0	0	0	0	0	0	0	0	0	0	0	0	0	0	0	0.1686275	0.0	0.0	0.0	8	0
15789	466	1052	350	350	300	300	60	60	60	60	0	0	0	0	0	0	0	0	0	0	0	0	0	0	0	0	0.1686275	0.0	0.0	0.0	8	0
15822	817	659	350	350	300	300	60	60	60	60	0	0	0	0	0	0	0	0	0	0	0	0	0	0	0	0	0.1686275	0.0	0.0	0.0	8	0
15854	706	352	350	350	300	300	60	60	60	60	0	0	0	0	0	0	0	0	0	0	0	0	0	0	0	0	0.1686275	0.0	0.0	0.0	8	0
15888	1054	473	350	350	300	300	60	60	60	60	0	0	0	0	0	0	0	0	0	0	0	0	0	0	0	0	0.1686275	0.0	0.0	0.0	8	0
15921	1045	682	350	350	300	300	60	60	60	60	0	0	0	0	0	0	0	0	0	0	0	0	0	0	0	0	0.1686275	0.0	0.0	0.0	8	0
15955	1213	455	350	350	300	300	60	60	60	60	0	0	0	0	0	0	0	0	0	0	0	0	0	0	0	0	0.1686275	0.0	0.0	0.0	8	0
15987	1281	1124	350	350	300	300	60	60	60	60	0	0	0	0	0	0	0	0	0	0	0	0	0	0	0	0	0.1686275	0.0	0.0	0.0	8	0
16022	856	288	350	350	300	300	60	60	60	60	0	0	0	0	0	0	0	0	0	0	0	0	0	0	0	0	0.1686275	0.0	0.0	0.0	8	0
16056	533	1200	350	350	300	300	60	60	60	60	0	0	0	0	0	0	0	0	0	0	0	0	0	0	0	0	0.1686275	0.0	0.0	0.0	8	0
16088	1176	284	350	350	300	300	60	60	60	60	0	0	0	0	0	0	0	0	0	0	0	0	0	0	0	0	0.1686275	0.0	0.0	0.0	8	0
16124	1284	1180	350	350	300	300	60	60	60	60	0	0	0	0	0	0	0	0	0	0	0	0	0	0	0	0	0.1686275	0.0	0.0	0.0	8	0
16154	896	747	350	350	300	300	60	60	60	60	0	0	0	0	0	0	0	0	0	0	0	0	0	0	0	0	0.1686275	0.0	0.0	0.0	8	0
16188	982	288	350	350	300	300	60	60	60	60	0	0	0	0	0	0	0	0	0	0	0	0	0	0	0	0	0.1686275	0.0	0.0	0.0	8	0
16223	891	825	350	350	300	300	60	60	60	60	0	0	0	0	0	0	0	0	0	0	0	0	0	0	0	0	0.1686275	0.0	0.0	0.0	8	0
16254	1877	373	350	350	300	300	60	60	60	60	0	0	0	0	0	0	0	0	0	0	0	0	0	0	0	0	0.1686275	0.0	0.0	0.0	8	0
16288	687	439	350	350	300	300	60	60	60	60	0	0	0	0	0	0	0	0	0	0	0	0	0	0	0	0	0.1686275	0.0	0.0	0.0	8	0
16321	1170	509	350	350	300	300	60	60	60	60	0	0	0	0	0	0	0	0	0	0	0	0	0	0	0	0	0.1686275	0.0	0.0	0.0	8	0
16356	1012	1102	350	350	300	300	60	60	60	60	0	0	0	0	0	0	0	0	0	0	0	0	0	0	0	0	0.1686275	0.0	0.0	0.0	8	0
16388	812	627	350	350	300	300	60	60	60	60	0	0	0	0	0	0	0	0	0	0	0	0	0	0	0	0	0.1686275	0.0	0.0	0.0	8	0
16421	1181	759	350	350	300	300	60	60	60	60	0	0	0	0	0	0	0	0	0	0	0	0	0	0	0	0	0.1686275	0.0	0.0	0.0	8	0
16455	1234	579	350	350	300	300	60	60	60	60	0	0	0	0	0	0	0	0	0	0	0	0	0	0	0	0	0.1686275	0.0	0.0	0.0	8	0
16488	1129	1200	350	350	300	300	60	60	60	60	0	0	0	0	0	0	0	0	0	0	0	0	0	0	0	0	0.1686275	0.0	0.0	0.0	8	0
16522	884	802	350	350	300	300	60	60	60	60	0	0	0	0	0	0	0	0	0	0	0	0	0	0	0	0	0.1686275	0.0	0.0	0.0	8	0
16555	1033	863	350	350	300	300	60	60	60	60	0	0	0	0	0	0	0	0	0	0	0	0	0	0	0	0	0.1686275	0.0	0.0	0.0	8	0
16588	835	1200	350	350	300	300	60	60	60	60	0	0	0	0	0	0	0	0	0	0	0	0	0	0	0	0	0.1686275	0.0	0.0	0.0	8	0
16618	727	256	350	350	300	300	60	60	60	60	0	0	0	0	0	0	0	0	0	0	0	0	0	0	0	0	0.1686275	0.0	0.0	0.0	8	0
16656	347	0	350	350	300	300	60	60	60	60	0	0	0	0	0	0	0	0	0	0	0	0	0	0	0	0	0.1686275	0.0	0.0	0.0	8	0
16688	1177	469	350	350	300	300	60	60	60	60	0	0	0	0	0	0	0	0	0	0	0	0	0	0	0	0	0.1686275	0.0	0.0	0.0	8	0
16722	1034	181	350	350	300	300	60	60	60	60	0	0	0	0	0	0	0	0	0	0	0	0	0	0	0	0	0.1686275	0.0	0.0	0.0	8	0
16755	1096	92	350	350	300	300	60	60	60	60	0	0	0	0	0	0	0	0	0	0	0	0	0	0	0	0	0.1686275	0.0	0.0	0.0	8	0
16788	1018	564	350	350	300	300	60	60	60	60	0	0	0	0	0	0	0	0	0	0	0	0	0	0	0	0	0.1686275	0.0	0.0	0.0	8	0
16822	1180	1200	350	350	300	300	60	60	60	60	0	0	0	0	0	0	0	0	0	0	0	0	0	0	0	0	0.1686275	0.0	0.0	0.0	8	0
16855	755	430	350	350	300	300	60	60	60	60	0	0	0	0	0	0	0	0	0	0	0	0	0	0	0	0	0.1686275	0.0	0.0	0.0	8	0
16884	376	887	350	350	300	300	60	60	60	60	0	0	0	0	0	0	0	0	0	0	0	0	0	0	0	0	0.1686275	0.0	0.0	0.0	8	0
16922	872	679	350	350	300	300	60	60	60	60	0	0	0	0	0	0	0	0	0	0	0	0	0	0	0	0	0.1686275	0.0	0.0	0.0	8	0
16954	843	659	350	350	300	300	60	60	60	60	0	0	0	0	0	0	0	0	0	0	0	0	0	0	0	0	0.1686275	0.0	0.0	0.0	8	0
16984	1212	292	350	350	300	300	60	60	60	60	0	0	0	0	0	0	0	0	0	0	0	0	0	0	0	0	0.1686275	0.0	0.0	0.0	8	0
17022	971	634	350	350	300	300	60	60	60	60	0	0	0	0	0	0	0	0	0	0	0	0	0	0	0	0	0.1686275	0.0	0.0	0.0	8	0
17055	786	82	350	350	300	300	60	60	60	60	0	0	0	0	0	0	0	0	0	0	0	0	0	0	0	0	0.1686275	0.0	0.0	0.0	8	0
17085	663	756	350	350	300	300	60	60	60	60	0	0	0	0	0	0	0	0	0	0	0	0	0	0	0	0	0.1686275	0.0	0.0	0.0	8	0
17122	887	342	350	350	300	300	60	60	60	60	0	0	0	0	0	0	0	0	0	0	0	0	0	0	0	0	0.1686275	0.0	0.0	0.0	8	0
17152	436	737	350	350	300	300	60	60	60	60	0	0	0	0	0	0	0	0	0	0	0	0	0	0	0	0	0.1686275	0.0	0.0	0.0	8	0
17189	874	391	350	350	300	300	60	60	60	60	0	0	0	0	0	0	0	0	0	0	0	0	0	0	0	0	0.1686275	0.0	0.0	0.0	8	0
17219	193	1066	350	350	300	300	60	60	60	60	0	0	0	0	0	0	0	0	0	0	0	0	0	0	0	0	0.1686275	0.0	0.0	0.0	8	0
17251	515	943	350	350	300	300	60	60	60	60	0	0	0	0	0	0	0	0	0	0	0	0	0	0	0	0	0.1686275	0.0	0.0	0.0	8	0
17289	939	381	350	350	300	300	60	60	60	60	0	0	0	0	0	0	0	0	0	0	0	0	0	0	0	0	0.1686275	0.0	0.0	0.0	8	0
17317	1179	696	350	350	300	300	60	60	60	60	0	0	0	0	0	0	0	0	0	0	0	0	0	0	0	0	0.1686275	0.0	0.0	0.0	8	0
17355	921	429	350	350	300	300	60	60	60	60	0	0	0	0	0	0	0	0	0	0	0	0	0	0	0	0	0.1686275	0.0	0.0	0.0	8	0
17385	497	619	350	350	300	300	60	60	60	60	0	0	0	0	0	0	0	0	0	0	0	0	0	0	0	0	0.1686275	0.0	0.0	0.0	8	0
17418	904	748	350	350	300	300	60	60	60	60	0	0	0	0	0	0	0	0	0	0	0	0	0	0	0	0	0.1686275	0.0	0.0	0.0	8	0
17451	1404	968	350	350	300	300	60	60	60	60	0	0	0	0	0	0	0	0	0	0	0	0	0	0	0	0	0.1686275	0.0	0.0	0.0	8	0
17485	498	432	350	350	300	300	60	60	60	60	0	0	0	0	0	0	0	0	0	0	0	0	0	0	0	0	0.1686275	0.0	0.0	0.0	8	0
17519	989	862	350	350	300	300	60	60	60	60	0	0	0	0	0	0	0	0	0	0	0	0	0	0	0	0	0.1686275	0.0	0.0	0.0	8	0
17552	1219	309	350	350	300	300	60	60	60	60	0	0	0	0	0	0	0	0	0	0	0	0	0	0	0	0	0.1686275	0.0	0.0	0.0	8	0
17589	1460	968	350	350	300	300	60	60	60	60	0	0	0	0	0	0	0	0	0	0	0	0	0	0	0	0	0.1686275	0.0	0.0	0.0	8	0
17618	884	807	350	350	300	300	60	60	60	60	0	0	0	0	0	0	0	0	0	0	0	0	0	0	0	0	0.1686275	0.0	0.0	0.0	8	0
17655	561	607	350	350	300	300	60	60	60	60	0	0	0	0	0	0	0	0	0	0	0	0	0	0	0	0	0.1686275	0.0	0.0	0.0	8	0
17685	750	847	350	350	300	300	60	60	60	60	0	0	0	0	0	0	0	0	0	0	0	0	0	0	0	0	0.1686275	0.0	0.0	0.0	8	0
17718	490	374	350	350	300	300	60	60	60	60	0	0	0	0	0	0	0	0	0	0	0	0	0	0	0	0	0.1686275	0.0	0.0	0.0	8	0
17752	1205	439	350	350	300	300	60	60	60	60	0	0	0	0	0	0	0	0	0	0	0	0	0	0	0	0	0.1686275	0.0	0.0	0.0	8	0
17785	1288	30	350	350	300	300	60	60	60	60	0	0	0	0	0	0	0	0	0	0	0	0	0	0	0	0	0.1686275	0.0	0.0	0.0	8	0
17821	982	126	350	350	300	300	60	60	60	60	0	0	0	0	0	0	0	0	0	0	0	0	0	0	0	0	0.1686275	0.0	0.0	0.0	8	0
17856	1178	605	350	350	300	300	60	60	60	60	0	0	0	0	0	0	0	0	0	0	0	0	0	0	0	0	0.1686275	0.0	0.0	0.0	8	0
17885	714	743	350	350	300	300	60	60	60	60	0	0	0	0	0	0	0	0	0	0	0	0	0	0	0	0	0.1686275	0.0	0.0	0.0	8	0
17919	894	723	350	350	300	300	60	60	60	60	0	0	0	0	0	0	0	0	0	0	0	0	0	0	0	0	0.1686275	0.0	0.0	0.0	8	0
17955	865	749	350	350	300	300	60	60	60	60	0	0	0	0	0	0	0	0	0	0	0	0	0	0	0	0	0.1686275	0.0	0.0	0.0	8	0
17985	1159	508	350	350	300	300	60	60	60	60	0	0	0	0	0	0	0	0	0	0	0	0	0	0	0	0	0.1686275	0.0	0.0	0.0	8	0
18018	917	214	350	350	300	300	60	60	60	60	0	0	0	0	0	0	0	0	0	0	0	0	0	0	0	0	0.1686275	0.0	0.0	0.0	8	0
18051	967	760	350	350	300	300	60	60	60	60	0	0	0	0	0	0	0	0	0	0	0	0	0	0	0	0	0.1686275	0.0	0.0	0.0	8	0
18085	729	643	350	350	300	300	60	60	60	60	0	0	0	0	0	0	0	0	0	0	0	0	0	0	0	0	0.1686275	0.0	0.0	0.0	8	0
18117	470	799	350	350	300	300	60	60	60	60	0	0	0	0	0	0	0	0	0	0	0	0	0	0	0	0	0.1686275	0.0	0.0	0.0	8	0
18151	935	298	350	350	300	300	60	60	60	60	0	0	0	0	0	0	0	0	0	0	0	0	0	0	0	0	0.1686275	0.0	0.0	0.0	8	0
18184	1208	250	350	350	300	300	60	60	60	60	0	0	0	0	0	0	0	0	0	0	0	0	0	0	0	0	0.1686275	0.0	0.0	0.0	8	0
18219	595	364	350	350	300	300	60	60	60	60	0	0	0	0	0	0	0	0	0	0	0	0	0	0	0	0	0.1686275	0.0	0.0	0.0	8	0
18255	1028	436	350	350	300	300	60	60	60	60	0	0	0	0	0	0	0	0	0	0	0	0	0	0	0	0	0.1686275	0.0	0.0	0.0	8	0
18285	1266	771	350	350	300	300	60	60	60	60	0	0	0	0	0	0	0	0	0	0	0	0	0	0	0	0	0.1686275	0.0	0.0	0.0	8	0
18318	1399	708	350	350	300	300	60	60	60	60	0	0	0	0	0	0	0	0	0	0	0	0	0	0	0	0	0.1686275	0.0	0.0	0.0	8	0
18352	966	447	350	350	300	300	60	60	60	60	0	0	0	0	0	0	0	0	0	0	0	0	0	0	0	0	0.1686275	0.0	0.0	0.0	8	0
18385	895	777	350	350	300	300	60	60	60	60	0	0	0	0	0	0	0	0	0	0	0	0	0	0	0	0	0.1686275	0.0	0.0	0.0	8	0
18422	1382	1040	350	350	300	300	60	60	60	60	0	0	0	0	0	0	0	0	0	0	0	0	0	0	0	0	0.1686275	0.0	0.0	0.0	8	0
18452	526	428	350	350	300	300	60	60	60	60	0	0	0	0	0	0	0	0	0	0	0	0	0	0	0	0	0.1686275	0.0	0.0	0.0	8	0
18489	744	911	350	350	300	300	60	60	60	60	0	0	0	0	0	0	0	0	0	0	0	0	0	0	0	0	0.1686275	0.0	0.0	0.0	8	0
18519	456	90	350	350	300	300	60	60	60	60	0	0	0	0	0	0	0	0	0	0	0	0	0	0	0	0	0.1686275	0.0	0.0	0.0	8	0
18551	914	632	350	350	300	300	60	60	60	60	0	0	0	0	0	0	0	0	0	0	0	0	0	0	0	0	0.1686275	0.0	0.0	0.0	8	0
18588	1096	417	350	350	300	300	60	60	60	60	0	0	0	0	0	0	0	0	0	0	0	0	0	0	0	0	0.1686275	0.0	0.0	0.0	8	0
18617	855	33	350	350	300	300	60	60	60	60	0	0	0	0	0	0	0	0	0	0	0	0	0	0	0	0	0.1686275	0.0	0.0	0.0	8	0
18655	620	433	350	350	300	300	60	60	60	60	0	0	0	0	0	0	0	0	0	0	0	0	0	0	0	0	0.1686275	0.0	0.0	0.0	8	0
18687	981	726	350	350	300	300	60	60	60	60	0	0	0	0	0	0	0	0	0	0	0	0	0	0	0	0	0.1686275	0.0	0.0	0.0	8	0
18720	1118	160	350	350	300	300	60	60	60	60	0	0	0	0	0	0	0	0	0	0	0	0	0	0	0	0	0.1686275	0.0	0.0	0.0	8	0
18753	1076	278	350	350	300	300	60	60	60	60	0	0	0	0	0	0	0	0	0	0	0	0	0	0	0	0	0.1686275	0.0	0.0	0.0	8	0
18822	1023	1162	350	350	300	300	60	60	60	60	0	0	0	0	0	0	0	0	0	0	0	0	0	0	0	0	0.1686275	0.0	0.0	0.0	8	0
18835	794	283	350	350	300	300	60	60	60	60	0	0	0	0	0	0	0	0	0	0	0	0	0	0	0	0	0.1686275	0.0	0.0	0.0	8	0
18868	658	400	350	350	300	300	60	60	60	60	0	0	0	0	0	0	0	0	0	0	0	0	0	0	0	0	0.1686275	0.0	0.0	0.0	8	0
18903	1016	704	350	350	300	300	60	60	60	60	0	0	0	0	0	0	0	0	0	0	0	0	0	0	0	0	0.1686275	0.0	0.0	0.0	8	0
18939	762	109	350	350	300	300	60	60	60	60	0	0	0	0	0	0	0	0	0	0	0	0	0	0	0	0	0.1686275	0.0	0.0	0.0	8	0
18969	705	160	350	350	300	300	60	60	60	60	0	0	0	0	0	0	0	0	0	0	0	0	0	0	0	0	0.1686275	0.0	0.0	0.0	8	0
19005	1050	977	350	350	300	300	60	60	60	60	0	0	0	0	0	0	0	0	0	0	0	0	0	0	0	0	0.1686275	0.0	0.0	0.0	8	0
19035	273	724	350	350	300	300	60	60	60	60	0	0	0	0	0	0	0	0	0	0	0	0	0	0	0	0	0.1686275	0.0	0.0	0.0	8	0
19069	787	316	350	350	300	300	60	60	60	60	0	0	0	0	0	0	0	0	0	0	0	0	0	0	0	0	0.1686275	0.0	0.0	0.0	8	0
19103	1253	862	350	350	300	300	60	60	60	60	0	0	0	0	0	0	0	0	0	0	0	0	0	0	0	0	0.1686275	0.0	0.0	0.0	8	0
19137	1177	64	350	350	300	300	60	60	60	60	0	0	0	0	0	0	0	0	0	0	0	0	0	0	0	0	0.1686275	0.0	0.0	0.0	8	0
19171	1385	588	350	350	300	300	60	60	60	60	0	0	0	0	0	0	0	0	0	0	0	0	0	0	0	0	0.1686275	0.0	0.0	0.0	8	0
19202	1177	0	350	350	300	300	60	60	60	60	0	0	0	0	0	0	0	0	0	0	0	0	0	0	0	0	0.1686275	0.0	0.0	0.0	8	0
19239	680	827	350	350	300	300	60	60	60	60	0	0	0	0	0	0	0	0	0	0	0	0	0	0	0	0	0.1686275	0.0	0.0	0.0	8	0
19269	1120	479	350	350	300	300	60	60	60	60	0	0	0	0	0	0	0	0	0	0	0	0	0	0	0	0	0.1686275	0.0	0.0	0.0	8	0
19305	1445	470	350	350	300	300	60	60	60	60	0	0	0	0	0	0	0	0	0	0	0	0	0	0	0	0	0.1686275	0.0	0.0	0.0	8	0
19335	825	646	350	350	300	300	60	60	60	60	0	0	0	0	0	0	0	0	0	0	0	0	0	0	0	0	0.1686275	0.0	0.0	0.0	8	0
19369	1244	721	350	350	300	300	60	60	60	60	0	0	0	0	0	0	0	0	0	0	0	0	0	0	0	0	0.1686275	0.0	0.0	0.0	8	0
19402	1350	859	350	350	300	300	60	60	60	60	0	0	0	0	0	0	0	0	0	0	0	0	0	0	0	0	0.1686275	0.0	0.0	0.0	8	0
19435	1265	964	350	350	300	300	60	60	60	60	0	0	0	0	0	0	0	0	0	0	0	0	0	0	0	0	0.1686275	0.0	0.0	0.0	8	0
19468	869	1194	350	350	300	300	60	60	60	60	0	0	0	0	0	0	0	0	0	0	0	0	0	0	0	0	0.1686275	0.0	0.0	0.0	8	0
19503	890	210	350	350	300	300	60	60	60	60	0	0	0	0	0	0	0	0	0	0	0	0	0	0	0	0	0.1686275	0.0	0.0	0.0	8	0
19538	737	233	350	350	300	300	60	60	60	60	0	0	0	0	0	0	0	0	0	0	0	0	0	0	0	0	0.1686275	0.0	0.0	0.0	8	0
19569	547	838	350	350	300	300	60	60	60	60	0	0	0	0	0	0	0	0	0	0	0	0	0	0	0	0	0.1686275	0.0	0.0	0.0	8	0
19605	779	561	350	350	300	300	60	60	60	60	0	0	0	0	0	0	0	0	0	0	0	0	0	0	0	0	0.1686275	0.0	0.0	0.0	8	0
19635	763	743	350	350	300	300	60	60	60	60	0	0	0	0	0	0	0	0	0	0	0	0	0	0	0	0	0.1686275	0.0	0.0	0.0	8	0
19669	1141	866	350	350	300	300	60	60	60	60	0	0	0	0	0	0	0	0	0	0	0	0	0	0	0	0	0.1686275	0.0	0.0	0.0	8	0
19701	1145	895	350	350	300	300	60	60	60	60	0	0	0	0	0	0	0	0	0	0	0	0	0	0	0	0	0.1686275	0.0	0.0	0.0	8	0
19735	1241	602	350	350	300	300	60	60	60	60	0	0	0	0	0	0	0	0	0	0	0	0	0	0	0	0	0.1686275	0.0	0.0	0.0	8	0
19772	1378	596	350	350	300	300	60	60	60	60	0	0	0	0	0	0	0	0	0	0	0	0	0	0	0	0	0.1686275	0.0	0.0	0.0	8	0
19803	1017	995	350	350	300	300	60	60	60	60	0	0	0	0	0	0	0	0	0	0	0	0	0	0	0	0	0.1686275	0.0	0.0	0.0	8	0
19838	773	627	350	350	300	300	60	60	60	60	0	0	0	0	0	0	0	0	0	0	0	0	0	0	0	0	0.1686275	0.0	0.0	0.0	8	0
19870	1429	624	350	350	300	300	60	60	60	60	0	0	0	0	0	0	0	0	0	0	0	0	0	0	0	0	0.1686275	0.0	0.0	0.0	8	0
19905	1031	962	350	350	300	300	60	60	60	60	0	0	0	0	0	0	0	0	0	0	0	0	0	0	0	0	0.1686275	0.0	0.0	0.0	8	0
19934	1161	547	350	350	300	300	60	60	60	60	0	0	0	0	0	0	0	0	0	0	0	0	0	0	0	0	0.1686275	0.0	0.0	0.0	8	0
19968	1070	489	350	350	300	300	60	60	60	60	0	0	0	0	0	0	0	0	0	0	0	0	0	0	0	0	0.1686275	0.0	0.0	0.0	8	0
20004	1123	538	350	350	300	300	60	60	60	60	0	0	0	0	0	0	0	0	0	0	0	0	0	0	0	0	0.1686275	0.0	0.0	0.0	8	0
20034	1268	345	350	350	300	300	60	60	60	60	0	0	0	0	0	0	0	0	0	0	0	0	0	0	0	0	0.1686275	0.0	0.0	0.0	8	0
20068	1245	792	350	350	300	300	60	60	60	60	0	0	0	0	0	0	0	0	0	0	0	0	0	0	0	0	0.22352946	0.0	0.0	0.0	11	0
20101	899	1200	350	350	300	300	60	60	60	60	0	0	0	0	0	0	0	0	0	0	0	0	0	0	0	0	0.52156866	0.0	0.0	0.0	26	0
20136	901	462	350	350	300	300	60	60	60	60	0	0	0	0	0	0	0	0	0	0	0	0	0	0	0	0	0.36470592	-0.11372548	0.0	0.0	23	0
20170	1053	50	350	350	300	300	60	60	60	60	0	0	0	0	0	0	0	0	0	0	0	0	0	0	0	0	0.15294123	0.0	0.0	0.0	7	0
20205	980	738	350	350	300	300	60	60	60	60	0	0	0	0	0	0	0	0	0	0	0	0	0	0	0	0	0.15294123	0.0	0.0	0.0	7	0
20235	1248	419	350	350	300	300	60	60	60	60	0	0	0	0	0	0	0	0	0	0	0	0	0	0	0	0	0.15294123	0.0	0.0	0.0	7	0
20268	971	205	350	350	300	300	60	60	60	60	0	0	0	0	0	0	0	0	0	0	0	0	0	0	0	0	0.15294123	0.0	0.0	0.0	7	0
20301	1093	149	350	350	300	300	60	60	60	60	0	0	0	0	0	0	0	0	0	0	0	0	0	0	0	0	0.15294123	0.0	0.0	0.0	7	0
20335	1498	441	350	350	300	300	60	60	60	60	0	0	0	0	0	0	0	0	0	0	0	0	0	0	0	0	0.15294123	0.0	0.0	0.0	7	0
20368	521	287	350	350	300	300	60	60	60	60	0	0	0	0	0	0	0	0	0	0	0	0	0	0	0	0	0.15294123	0.0	0.0	0.0	7	0
20402	422	922	350	350	300	300	60	60	60	60	0	0	0	0	0	0	0	0	0	0	0	0	0	0	0	0	0.15294123	0.0	0.0	0.0	7	0
20438	633	518	350	350	300	300	60	60	60	60	0	0	0	0	0	0	0	0	0	0	0	0	0	0	0	0	0.15294123	0.0	0.0	0.0	7	0
20468	654	0	350	350	300	300	60	60	60	60	0	0	0	0	0	0	0	0	0	0	0	0	0	0	0	0	0.15294123	0.0	0.0	0.0	7	0
20505	1316	891	350	350	300	300	60	60	60	60	0	0	0	0	0	0	0	0	0	0	0	0	0	0	0	0	0.15294123	0.0	0.0	0.0	7	0
20535	1280	369	350	350	300	300	60	60	60	60	0	0	0	0	0	0	0	0	0	0	0	0	0	0	0	0	0.15294123	0.0	0.0	0.0	7	0
20568	692	562	350	350	300	300	60	60	60	60	0	0	0	0	0	0	0	0	0	0	0	0	0	0	0	0	0.15294123	0.0	0.0	0.0	7	0
20602	735	695	350	350	300	300	60	60	60	60	0	0	0	0	0	0	0	0	0	0	0	0	0	0	0	0	0.15294123	0.0	0.0	0.0	7	0
20635	1397	884	350	350	300	300	60	60	60	60	0	0	0	0	0	0	0	0	0	0	0	0	0	0	0	0	0.15294123	0.0	0.0	0.0	7	0
20668	1394	428	350	350	300	300	60	60	60	60	0	0	0	0	0	0	0	0	0	0	0	0	0	0	0	0	0.15294123	0.0	0.0	0.0	7	0
20702	655	658	350	350	300	300	60	60	60	60	0	0	0	0	0	0	0	0	0	0	0	0	0	0	0	0	0.11372554	0.0	0.0	0.0	5	0
20736	1102	0	350	350	300	300	60	60	60	60	0	0	0	0	0	0	0	0	0	0	0	0	0	0	0	0	0.11372554	0.0	0.0	0.0	5	0
20769	1235	567	350	350	300	300	60	60	60	60	0	0	0	0	0	0	0	0	0	0	0	0	0	0	0	0	0.11372554	0.0	0.0	0.0	5	0
20805	1303	112	350	350	300	300	60	60	60	60	0	0	0	0	0	0	0	0	0	0	0	0	0	0	0	0	0.11372554	0.0	0.0	0.0	5	0
20836	973	0	350	350	300	300	60	60	60	60	0	0	0	0	0	0	0	0	0	0	0	0	0	0	0	0	0.11372554	0.0	0.0	0.0	5	0
20870	1102	146	350	350	300	300	60	60	60	60	0	0	0	0	0	0	0	0	0	0	0	0	0	0	0	0	0.11372554	0.0	0.0	0.0	5	0
20903	1142	586	350	350	300	300	60	60	60	60	0	0	0	0	0	0	0	0	0	0	0	0	0	0	0	0	0.11372554	0.0	0.0	0.0	5	0
20937	1110	755	350	350	300	300	60	60	60	60	0	0	0	0	0	0	0	0	0	0	0	0	0	0	0	0	0.11372554	0.0	0.0	0.0	5	0
20969	910	851	350	350	300	300	60	60	60	60	0	0	0	0	0	0	0	0	0	0	0	0	0	0	0	0	0.13725495	0.0	0.0	0.0	6	0
21002	307	692	350	350	300	300	60	60	60	60	0	0	0	0	0	0	0	0	0	0	0	0	0	0	0	0	0.15294123	0.0	0.0	0.0	7	0
21038	1078	979	350	350	300	300	60	60	60	60	0	0	0	0	0	0	0	0	0	0	0	0	0	0	0	0	0.15294123	0.0	0.0	0.0	7	0
21070	717	565	350	350	300	300	60	60	60	60	0	0	0	0	0	0	0	0	0	0	0	0	0	0	0	0	0.15294123	0.0	0.0	0.0	7	0
21105	938	901	350	350	300	300	60	60	60	60	0	0	0	0	0	0	0	0	0	0	0	0	0	0	0	0	0.15294123	0.0	0.0	0.0	7	0
21136	886	839	350	350	300	300	60	60	60	60	0	0	0	0	0	0	0	0	0	0	0	0	0	0	0	0	0.15294123	0.0	0.0	0.0	7	0
21169	494	752	350	350	300	300	60	60	60	60	0	0	0	0	0	0	0	0	0	0	0	0	0	0	0	0	0.19215691	0.0	0.0	0.0	9	0
21205	705	880	350	350	300	300	60	60	60	60	0	0	0	0	0	0	0	0	0	0	0	0	0	0	0	0	0.27843142	-0.2235294	0.0	0.0	25	0
21236	1016	733	350	350	300	300	60	60	60	60	0	0	0	0	0	0	0	0	0	0	0	0	0	0	0	0	0.4666667	-0.3490196	0.0	0.0	40	0
21270	818	675	350	350	300	300	60	60	60	60	0	0	0	0	0	0	0	0	0	0	0	0	0	0	0	0	0.56078434	-0.36470586	0.0	0.0	46	0
21304	1237	657	350	350	300	300	60	60	60	60	0	0	0	0	0	0	0	0	0	0	0	0	0	0	0	0	0.5764706	-0.372549	0.0	0.0	47	0
21339	547	819	350	350	300	300	60	60	60	60	0	0	0	0	0	0	0	0	0	0	0	0	0	0	0	0	0.64705884	-0.3960784	0.0	0.0	52	0
21370	596	801	350	350	300	300	60	60	60	60	0	0	0	0	0	0	0	0	0	0	0	0	0	0	0	0	0.88235295	-0.4588235	0.0	0.0	67	0
21406	1158	603	350	350	300	300	60	60	60	60	0	0	0	0	0	0	0	0	0	0	0	0	0	0	0	0	1.0	-0.60784316	0.0	0.0	80	0
21437	381	718	350	350	300	300	60	60	60	60	0	0	0	0	0	0	0	0	0	0	0	0	0	0	0	0	1.0	-0.73333335	0.0	0.0	86	0
21471	1335	855	350	350	300	300	60	60	60	60	0	0	0	0	0	0	0	0	0	0	0	0	0	0	0	0	1.0	-0.79607844	0.0	0.0	89	0
21505	930	703	350	350	300	300	60	60	60	60	0	0	0	0	0	0	0	0	0	0	0	0	0	0	0	0	1.0	-0.90588236	0.0	0.0	95	0
21537	971	792	350	350	300	300	60	60	60	60	0	0	0	0	0	0	0	0	0	0	0	0	0	0	0	0	1.0	-1.0	0.0	0.0	100	0
21571	1474	446	350	350	300	300	60	60	60	60	0	0	0	0	0	0	0	0	0	0	0	0	0	0	0	0	0.77254903	-1.0	0.0	0.0	88	0
21605	706	673	350	350	300	300	60	60	60	60	0	0	0	0	0	0	0	0	0	0	0	0	0	0	0	0	0.5058824	-0.7647059	0.0	0.0	63	0
21639	1144	626	350	350	300	300	60	60	60	60	0	0	0	0	0	0	0	0	0	0	0	0	0	0	0	0	0.1686275	0.0	0.0	0.0	8	0
21670	1234	778	350	350	300	300	60	60	60	60	0	0	0	0	0	0	0	0	0	0	0	0	0	0	0	0	0.1686275	0.0	0.0	0.0	8	0
21705	749	666	350	350	300	300	60	60	60	60	0	0	0	0	0	0	0	0	0	0	0	0	0	0	0	0	0.1686275	0.0	0.0	0.0	8	0
21737	886	411	350	350	300	300	60	60	60	60	0	0	0	0	0	0	0	0	0	0	0	0	0	0	0	0	0.1686275	0.0	0.0	0.0	8	0
21770	1401	413	350	350	300	300	60	60	60	60	0	0	0	0	0	0	0	0	0	0	0	0	0	0	0	0	0.1686275	0.0	0.0	0.0	8	0
21804	1092	804	350	350	300	300	60	60	60	60	0	0	0	0	0	0	0	0	0	0	0	0	0	0	0	0	0.1686275	0.0	0.0	0.0	8	0
21837	1049	95	350	350	300	300	60	60	60	60	0	0	0	0	0	0	0	0	0	0	0	0	0	0	0	0	0.1686275	0.0	0.0	0.0	8	0
21870	857	140	350	350	300	300	60	60	60	60	0	0	0	0	0	0	0	0	0	0	0	0	0	0	0	0	0.1686275	0.0	0.0	0.0	8	0
21904	1082	215	350	350	300	300	60	60	60	60	0	0	0	0	0	0	0	0	0	0	0	0	0	0	0	0	0.1686275	-0.12156862	0.0	0.0	14	0
21939	661	488	350	350	300	300	60	60	60	60	0	0	0	0	0	0	0	0	0	0	0	0	0	0	0	0	0.2313726	-0.15294117	0.0	0.0	19	0
21971	992	140	350	350	300	300	60	60	60	60	0	0	0	0	0	0	0	0	0	0	0	0	0	0	0	0	0.33333337	-0.26274508	0.0	0.0	29	0
22006	879	384	350	350	300	300	60	60	60	60	0	0	0	0	0	0	0	0	0	0	0	0	0	0	0	0	0.43529415	-0.3333333	0.0	0.0	38	0
22038	739	623	350	350	300	300	60	60	60	60	0	0	0	0	0	0	0	0	0	0	0	0	0	0	0	0	0.5686275	-0.3960784	0.0	0.0	48	0
22071	806	715	350	350	300	300	60	60	60	60	0	0	0	0	0	0	0	0	0	0	0	0	0	0	0	0	0.7254902	-0.4980392	0.0	0.0	61	0
22105	1326	444	350	350	300	300	60	60	60	60	0	0	0	0	0	0	0	0	0	0	0	0	0	0	0	0	0.92941177	-0.7647059	0.0	0.0	84	0
22139	528	551	350	350	300	300	60	60	60	60	0	0	0	0	0	0	0	0	0	0	0	0	0	0	0	0	1.0	-0.92941177	0.0	0.0	96	0
22172	664	275	350	350	300	300	60	60	60	60	0	0	0	0	0	0	0	0	0	0	0	0	0	0	0	0	1.0	-0.9764706	0.0	0.0	98	0
22205	585	540	350	350	300	300	60	60	60	60	0	0	0	0	0	0	0	0	0	0	0	0	0	0	0	0	1.0	-0.9843137	0.0	0.0	99	0
22239	775	643	350	350	300	300	60	60	60	60	0	0	0	0	0	0	0	0	0	0	0	0	0	0	0	0	1.0	-0.9843137	0.0	0.0	99	0
22272	997	703	350	350	300	300	60	60	60	60	0	0	0	0	0	0	0	0	0	0	0	0	0	0	0	0	1.0	-1.0	0.0	0.0	100	0
22306	887	870	350	350	300	300	60	60	60	60	0	0	0	0	0	0	0	0	0	0	0	0	0	0	0	0	1.0	-1.0	0.0	0.0	100	0
22338	699	268	350	350	300	300	60	60	60	60	0	0	0	0	0	0	0	0	0	0	0	0	0	0	0	0	1.0	-1.0	0.0	0.0	100	0
22372	1051	326	350	350	300	300	60	60	60	60	0	0	0	0	0	0	0	0	0	0	0	0	0	0	0	0	1.0	-1.0	0.0	0.0	100	0
22406	1160	742	350	350	300	300	60	60	60	60	0	0	0	0	0	0	0	0	0	0	0	0	0	0	0	0	1.0	-1.0	0.0	0.0	100	0
22439	1250	176	350	350	300	300	60	60	60	60	0	0	0	0	0	0	0	0	0	0	0	0	0	0	0	0	1.0	-1.0	0.0	0.0	100	0
22472	1655	808	350	350	300	300	60	60	60	60	0	0	0	0	0	0	0	0	0	0	0	0	0	0	0	0	1.0	-1.0	0.0	0.0	100	0
22506	748	486	350	350	300	300	60	60	60	60	0	0	0	0	0	0	0	0	0	0	0	0	0	0	0	0	1.0	-1.0	0.0	0.0	100	0
22539	1139	203	350	350	300	300	60	60	60	60	0	0	0	0	0	0	0	0	0	0	0	0	0	0	0	0	1.0	-1.0	0.0	0.0	100	0
22574	771	443	350	350	300	300	60	60	60	60	0	0	0	0	0	0	0	0	0	0	0	0	0	0	0	0	1.0	-1.0	0.0	0.0	100	0
22606	950	668	350	350	300	300	60	60	60	60	0	0	0	0	0	0	0	0	0	0	0	0	0	0	0	0	1.0	-1.0	0.0	0.0	100	0
22639	1593	694	350	350	300	300	60	60	60	60	0	0	0	0	0	0	0	0	0	0	0	0	0	0	0	0	1.0	-1.0	0.0	0.0	100	0
22673	879	987	350	350	300	300	60	60	60	60	0	0	0	0	0	0	0	0	0	0	0	0	0	0	0	0	1.0	-1.0	0.0	0.0	100	0
22706	1160	524	350	350	300	300	60	60	60	60	0	0	0	0	0	0	0	0	0	0	0	0	0	0	0	0	1.0	-1.0	0.0	0.0	100	0
22739	1135	900	350	350	300	300	60	60	60	60	0	0	0	0	0	0	0	0	0	0	0	0	0	0	0	0	1.0	-1.0	0.0	0.0	100	0
22774	1326	323	350	350	300	300	60	60	60	60	0	0	0	0	0	0	0	0	0	0	0	0	0	0	0	0	1.0	-1.0	0.0	0.0	100	0
22802	642	176	350	350	300	300	60	60	60	60	0	0	0	0	0	0	0	0	0	0	0	0	0	0	0	0	1.0	-1.0	0.0	0.0	100	0
22839	510	676	350	350	300	300	60	60	60	60	0	0	0	0	0	0	0	0	0	0	0	0	0	0	0	0	1.0	-1.0	0.0	0.0	100	0
22873	643	526	350	350	300	300	60	60	60	60	0	0	0	0	0	0	0	0	0	0	0	0	0	0	0	0	1.0	-1.0	0.0	0.0	100	0
22906	972	1013	350	350	300	300	60	60	60	60	0	0	0	0	0	0	0	0	0	0	0	0	0	0	0	0	1.0	-1.0	0.0	0.0	100	0
22940	810	142	350	350	300	300	60	60	60	60	0	0	0	0	0	0	0	0	0	0	0	0	0	0	0	0	1.0	-1.0	0.0	0.0	100	0
22969	557	0	350	350	300	300	60	60	60	60	0	0	0	0	0	0	0	0	0	0	0	0	0	0	0	0	1.0	-1.0	0.0	0.0	100	0
23006	1276	719	350	350	300	300	60	60	60	60	0	0	0	0	0	0	0	0	0	0	0	0	0	0	0	0	1.0	-1.0	0.0	0.0	100	0
23036	859	517	350	350	300	300	60	60	60	60	0	0	0	0	0	0	0	0	0	0	0	0	0	0	0	0	1.0	-1.0	0.0	0.0	100	0
23073	1138	959	350	350	300	300	60	60	60	60	0	0	0	0	0	0	0	0	0	0	0	0	0	0	0	0	1.0	-1.0	0.0	0.0	100	0
23102	1143	811	350	350	300	300	60	60	60	60	0	0	0	0	0	0	0	0	0	0	0	0	0	0	0	0	1.0	-1.0	0.0	0.0	100	0
23140	1086	696	350	350	300	300	60	60	60	60	0	0	0	0	0	0	0	0	0	0	0	0	0	0	0	0	1.0	-1.0	0.0	0.0	100	0
23169	758	851	350	350	300	300	60	60	60	60	0	0	0	0	0	0	0	0	0	0	0	0	0	0	0	0	1.0	-1.0	0.0	0.0	100	0
23207	900	1041	350	350	300	300	60	60	60	60	0	0	0	0	0	0	0	0	0	0	0	0	0	0	0	0	1.0	-1.0	0.0	0.0	100	0
23236	1069	827	350	350	300	300	60	60	60	60	0	0	0	0	0	0	0	0	0	0	0	0	0	0	0	0	1.0	-1.0	0.0	0.0	100	0
23274	1006	1121	350	350	300	300	60	60	60	60	0	0	0	0	0	0	0	0	0	0	0	0	0	0	0	0	1.0	-1.0	0.0	0.0	100	0
23302	191	822	350	350	300	300	60	60	60	60	0	0	0	0	0	0	0	0	0	0	0	0	0	0	0	0	1.0	-1.0	0.0	0.0	100	0
23340	1070	0	350	350	300	300	60	60	60	60	0	0	0	0	0	0	0	0	0	0	0	0	0	0	0	0	1.0	-1.0	0.0	0.0	100	0
23370	939	698	350	350	300	300	60	60	60	60	0	0	0	0	0	0	0	0	0	0	0	0	0	0	0	0	1.0	-1.0	0.0	0.0	100	0
23403	530	341	350	350	300	300	60	60	60	60	0	0	0	0	0	0	0	0	0	0	0	0	0	0	0	0	1.0	-1.0	0.0	0.0	100	0
23439	1006	701	350	350	300	300	60	60	60	60	0	0	0	0	0	0	0	0	0	0	0	0	0	0	0	0	1.0	-1.0	-0.32549018	-0.14509803	100	-10
23473	1782	501	350	350	300	300	60	60	60	60	0	0	0	0	0	0	0	0	0	0	0	0	0	0	0	0	1.0	-1.0	-0.7411765	-0.19215685	100	-28
23506	924	199	350	350	300	300	60	60	60	60	0	0	0	0	0	0	0	0	0	0	0	0	0	0	0	0	1.0	-1.0	-1.0	-0.27058822	100	-37
23536	1058	156	350	350	300	300	60	60	60	60	0	0	0	0	0	0	0	0	0	0	0	0	0	0	0	0	1.0	-1.0	-1.0	-0.47450978	100	-27
23571	831	531	350	350	300	300	60	60	60	60	0	0	0	0	0	0	0	0	0	0	0	0	0	0	0	0	1.0	-1.0	-1.0	-0.6862745	100	-16
23603	1340	957	350	350	300	300	60	60	60	60	0	0	0	0	0	0	0	0	0	0	0	0	0	0	0	0	1.0	-1.0	-1.0	-0.77254903	100	-12
23641	651	275	350	350	300	300	60	60	60	60	0	0	0	0	0	0	0	0	0	0	0	0	0	0	0	0	1.0	-1.0	-1.0	-0.77254903	100	-12
23670	977	875	350	350	300	300	60	60	60	60	0	0	0	0	0	0	0	0	0	0	0	0	0	0	0	0	1.0	-1.0	-1.0	-0.8117647	100	-10
23704	637	764	350	350	300	300	60	60	60	60	0	0	0	0	0	0	0	0	0	0	0	0	0	0	0	0	1.0	-1.0	-1.0	-1.0	100	0
23739	725	994	350	350	300	300	60	60	60	60	0	0	0	0	0	0	0	0	0	0	0	0	0	0	0	0	1.0	-1.0	-1.0	-1.0	100	0
23770	1043	382	350	350	300	300	60	60	60	60	0	0	0	0	0	0	0	0	0	0	0	0	0	0	0	0	1.0	-1.0	-1.0	-1.0	100	0
23807	982	105	350	350	300	300	60	60	60	60	0	0	0	0	0	0	0	0	0	0	0	0	0	0	0	0	1.0	-1.0	-1.0	-1.0	100	0
23836	764	1148	350	350	300	300	60	60	60	60	0	0	0	0	0	0	0	0	0	0	0	0	0	0	0	0	1.0	-1.0	-1.0	-1.0	100	0
23874	1236	974	350	350	300	300	60	60	60	60	0	0	0	0	0	0	0	0	0	0	0	0	0	0	0	0	1.0	-1.0	-1.0	-1.0	100	0
23903	863	237	350	350	300	300	60	60	60	60	0	0	0	0	0	0	0	0	0	0	0	0	0	0	0	0	1.0	-1.0	-1.0	-1.0	100	0
23936	1139	761	350	350	300	300	60	60	60	60	0	0	0	0	0	0	0	0	0	0	0	0	0	0	0	0	1.0	-1.0	-1.0	-1.0	100	0
23971	1553	167	350	350	300	300	60	60	60	60	0	0	0	0	0	0	0	0	0	0	0	0	0	0	0	0	1.0	-1.0	-1.0	-1.0	100	0
24003	880	403	350	350	300	300	60	60	60	60	0	0	0	0	0	0	0	0	0	0	0	0	0	0	0	0	1.0	-1.0	-1.0	-1.0	100	0
24040	1048	758	350	350	300	300	60	60	60	60	0	0	0	0	0	0	0	0	0	0	0	0	0	0	0	0	1.0	-1.0	-1.0	-1.0	100	0
24070	1261	478	350	350	300	300	60	60	60	60	0	0	0	0	0	0	0	0	0	0	0	0	0	0	0	0	1.0	-1.0	-1.0	-1.0	100	0
24106	1225	443	350	350	300	300	60	60	60	60	0	0	0	0	0	0	0	0	0	0	0	0	0	0	0	0	1.0	-1.0	-1.0	-1.0	100	0
24135	474	638	350	350	300	300	60	60	60	60	0	0	0	0	0	0	0	0	0	0	0	0	0	0	0	0	1.0	-1.0	-1.0	-1.0	100	0
24172	845	289	350	350	300	300	60	60	60	60	0	0	0	0	0	0	0	0	0	0	0	0	0	0	0	0	1.0	-1.0	-1.0	-1.0	100	0
24206	1069	945	350	350	300	300	60	60	60	60	0	0	0	0	0	0	0	0	0	0	0	0	0	0	0	0	1.0	-1.0	-1.0	-1.0	100	0
24239	461	21	350	350	300	300	60	60	60	60	0	0	0	0	0	0	0	0	0	0	0	0	0	0	0	0	1.0	-1.0	-1.0	-1.0	100	0
24269	1095	437	350	350	300	300	60	60	60	60	0	0	0	0	0	0	0	0	0	0	0	0	0	0	0	0	1.0	-1.0	-1.0	-1.0	100	0
24302	1462	451	350	350	300	300	60	60	60	60	0	0	0	0	0	0	0	0	0	0	0	0	0	0	0	0	1.0	-1.0	-1.0	-1.0	100	0
24340	964	89	350	350	300	300	60	60	60	60	0	0	0	0	0	0	0	0	0	0	0	0	0	0	0	0	1.0	-1.0	-1.0	-1.0	100	0
24374	1274	437	350	350	300	300	60	60	60	60	0	0	0	0	0	0	0	0	0	0	0	0	0	0	0	0	1.0	-1.0	-1.0	-1.0	100	0
24406	787	1084	350	350	300	300	60	60	60	60	0	0	0	0	0	0	0	0	0	0	0	0	0	0	0	0	1.0	-1.0	-1.0	-1.0	100	0
24439	1133	229	350	350	300	300	60	60	60	60	0	0	0	0	0	0	0	0	0	0	0	0	0	0	0	0	1.0	-1.0	-1.0	-1.0	100	0
24472	1285	0	350	350	300	300	60	60	60	60	0	0	0	0	0	0	0	0	0	0	0	0	0	0	0	0	1.0	-1.0	-1.0	-1.0	100	0
24505	1542	582	350	350	300	300	60	60	60	60	0	0	0	0	0	0	0	0	0	0	0	0	0	0	0	0	1.0	-1.0	-1.0	-1.0	100	0
24536	411	935	350	350	300	300	60	60	60	60	0	0	0	0	0	0	0	0	0	0	0	0	0	0	0	0	1.0	-1.0	-1.0	-1.0	100	0
24570	767	380	350	350	300	300	60	60	60	60	0	0	0	0	0	0	0	0	0	0	0	0	0	0	0	0	1.0	-1.0	-1.0	-1.0	100	0
24602	1390	94	350	350	300	300	60	60	60	60	0	0	0	0	0	0	0	0	0	0	0	0	0	0	0	0	1.0	-1.0	-1.0	-1.0	100	0
24640	898	221	350	350	300	300	60	60	60	60	0	0	0	0	0	0	0	0	0	0	0	0	0	0	0	0	1.0	-1.0	-0.9372549	-1.0	100	3
24670	1035	691	350	350	300	300	60	60	60	60	0	0	0	0	0	0	0	0	0	0	0	0	0	0	0	0	1.0	-1.0	-0.8352941	-1.0	100	8
24706	1172	388	350	350	300	300	60	60	60	60	0	0	0	0	0	0	0	0	0	0	0	0	0	0	0	0	0.78039217	-0.79607844	-0.6627451	-1.0	78	16
24735	650	719	350	350	300	300	60	60	60	60	0	0	0	0	0	0	0	0	0	0	0	0	0	0	0	0	0.15294123	0.0	-0.30196077	-0.6627451	7	18
24768	686	556	350	350	300	300	60	60	60	60	0	0	0	0	0	0	0	0	0	0	0	0	0	0	0	0	0.15294123	0.0	0.0	0.0	7	0
24802	1337	592	350	350	300	300	60	60	60	60	0	0	0	0	0	0	0	0	0	0	0	0	0	0	0	0	0.15294123	0.0	0.0	0.0	7	0
24835	991	698	350	350	300	300	60	60	60	60	0	0	0	0	0	0	0	0	0	0	0	0	0	0	0	0	0.15294123	0.0	0.0	0.0	7	0
24869	1422	207	350	350	300	300	60	60	60	60	0	0	0	0	0	0	0	0	0	0	0	0	0	0	0	0	0.15294123	0.0	0.0	0.0	7	0
24902	785	873	350	350	300	300	60	60	60	60	0	0	0	0	0	0	0	0	0	0	0	0	0	0	0	0	0.15294123	0.0	0.0	0.0	7	0
24938	945	716	350	350	300	300	60	60	60	60	0	0	0	0	0	0	0	0	0	0	0	0	0	0	0	0	0.15294123	0.0	0.0	0.0	7	0
24969	906	55	350	350	300	300	60	60	60	60	0	0	0	0	0	0	0	0	0	0	0	0	0	0	0	0	0.15294123	0.0	0.0	0.0	7	0
25005	1201	909	350	350	300	300	60	60	60	60	0	0	0	0	0	0	0	0	0	0	0	0	0	0	0	0	0.15294123	0.0	0.0	0.0	7	0
25035	777	337	350	350	300	300	60	60	60	60	0	0	0	0	0	0	0	0	0	0	0	0	0	0	0	0	0.15294123	0.0	0.0	0.0	7	0
25069	1299	440	350	350	300	300	60	60	60	60	0	0	0	0	0	0	0	0	0	0	0	0	0	0	0	0	0.15294123	0.0	0.0	0.0	7	0
25102	1169	899	350	350	300	300	60	60	60	60	0	0	0	0	0	0	0	0	0	0	0	0	0	0	0	0	0.2313726	0.0	0.0	0.0	11	0
25136	1314	256	350	350	300	300	60	60	60	60	0	0	0	0	0	0	0	0	0	0	0	0	0	0	0	0	0.5058824	-0.24705881	0.0	0.0	37	0
25170	954	569	324	359	300	300	60	60	60	60	0	0	0	0	0	1	0	0	0	0	0	0	0	0	0	0	0.85882354	-0.32549018	0.0	0.0	59	0
25203	738	357	294	369	300	300	60	60	60	60	0	0	0	0	0	1	0	0	0	0	0	0	0	0	0	0	1.0	-0.35686272	0.0	0.0	67	0
25239	480	841	264	379	300	300	60	60	60	60	0	0	0	0	0	1	0	0	0	0	0	0	0	0	0	0	1.0	-0.35686272	0.0	0.0	67	0
25269	1002	1000	234	389	300	300	60	60	60	60	0	0	0	0	0	1	0	0	0	0	0	0	0	0	0	0	1.0	-0.35686272	0.0	0.0	67	0
25305	794	618	204	399	300	300	60	60	60	60	0	0	0	0	0	1	0	0	0	0	0	0	0	0	0	0	1.0	-0.35686272	0.0	0.0	67	0
25336	918	178	174	409	300	300	60	60	60	60	0	0	0	0	0	1	0	0	0	0	0	0	0	0	0	0	1.0	-0.35686272	0.0	0.0	67	0
25370	470	543	144	419	300	300	60	60	60	60	0	0	0	0	0	1	0	0	0	0	0	0	0	0	0	0	1.0	-0.35686272	0.0	0.0	67	0
25404	1214	217	114	429	300	300	60	60	60	60	0	0	0	0	0	1	0	0	0	0	0	0	0	0	0	0	1.0	-0.35686272	0.0	0.0	67	0
25436	705	673	84	439	300	300	60	60	60	60	0	0	0	0	0	1	0	0	0	0	0	0	0	0	0	0	1.0	-0.35686272	0.0	0.0	67	0
25469	1524	655	54	449	300	300	60	60	60	60	0	0	0	0	0	1	0	0	0	0	0	0	0	0	0	0	1.0	-0.35686272	0.0	0.0	67	0
25503	1162	757	24	459	300	300	60	60	60	60	0	0	0	0	0	1	0	0	0	0	0	0	0	0	0	0	1.0	-0.35686272	0.0	0.0	67	0
25538	1430	409	1	469	300	300	60	60	60	60	0	0	0	0	0	1	0	0	0	0	0	0	0	0	0	0	1.0	-0.35686272	0.0	0.0	67	0
25570	968	852	1	479	300	300	60	60	60	60	0	0	0	0	0	1	0	0	0	0	0	0	0	0	0	0	1.0	-0.35686272	0.0	0.0	67	0
25605	978	918	1	489	300	300	60	60	60	60	0	0	0	0	0	1	0	0	0	0	0	0	0	0	0	0	1.0	-0.36470586	0.0	0.0	68	0
25636	1302	611	1	502	300	300	60	60	60	60	0	0	0	0	0	1	0	0	0	0	0	0	0	0	0	0	1.0	-0.4588235	0.0	0.0	72	0
25670	974	140	1	526	300	300	60	60	60	60	0	0	0	0	0	1	0	0	0	0	0	0	0	0	0	0	1.0	-0.827451	0.0	0.0	91	0
25703	1339	550	1	556	300	300	60	60	60	60	0	0	0	0	0	1	0	0	0	0	0	0	0	0	0	0	1.0	-1.0	0.0	0.0	100	0
25737	899	771	1	586	300	300	60	60	60	60	0	0	0	0	0	1	0	0	0	0	0	0	0	0	0	0	1.0	-1.0	0.0	0.0	100	0
25772	1099	511	1	586	300	300	60	60	60	60	0	0	0	0	0	0	0	0	0	0	0	0	0	0	0	0	1.0	-1.0	0.0	0.0	100	0
25803	1050	790	1	586	300	300	60	60	60	60	0	0	0	0	0	0	0	0	0	0	0	0	0	0	0	0	1.0	-1.0	0.0	0.0	100	0
25838	632	0	1	586	300	300	60	60	60	60	0	0	0	0	0	0	0	0	0	0	0	0	0	0	0	0	1.0	-1.0	0.0	0.0	100	0
25870	1414	454	1	586	300	300	60	60	60	60	0	0	0	0	0	0	0	0	0	0	0	0	0	0	0	0	1.0	-1.0	0.0	0.0	100	0
25905	991	827	1	586	300	300	60	60	60	60	0	0	0	0	0	0	0	0	0	0	0	0	0	0	0	0	1.0	-1.0	0.0	0.0	100	0
25938	1076	625	1	586	300	300	60	60	60	60	0	0	0	0	0	0	0	0	0	0	0	0	0	0	0	0	1.0	-1.0	0.0	0.0	100	0
25970	845	543	1	586	300	300	60	60	60	60	0	0	0	0	0	0	0	0	0	0	0	0	0	0	0	0	1.0	-1.0	0.0	0.0	100	0
26004	985	481	1	586	300	300	60	60	60	60	0	0	0	0	0	0	0	0	0	0	0	0	0	0	0	0	1.0	-1.0	-0.16862744	-0.19999999	100	1
26037	362	636	1	586	300	300	60	60	60	60	0	0	0	0	0	0	0	0	0	0	0	0	0	0	0	0	1.0	-1.0	-0.8039216	-0.6392157	100	-9
26070	649	1200	1	586	300	300	60	60	60	60	0	0	0	0	0	0	0	0	0	0	0	0	0	0	0	0	1.0	-1.0	-1.0	-1.0	100	0
26104	1188	535	1	586	300	300	60	60	60	60	0	0	0	0	0	0	0	0	0	0	0	0	0	0	0	0	1.0	-1.0	-1.0	-1.0	100	0
26139	1287	407	1	586	300	300	60	60	60	60	0	0	0	0	0	0	0	0	0	0	0	0	0	0	0	0	1.0	-1.0	-1.0	-1.0	100	0
26171	962	81	1	586	300	300	60	60	60	60	0	0	0	0	0	0	0	0	0	0	0	0	0	0	0	0	1.0	-1.0	-1.0	-1.0	100	0
26205	1080	578	1	586	300	300	60	60	60	60	0	0	0	0	0	0	0	0	0	0	0	0	0	0	0	0	1.0	-1.0	-1.0	-1.0	100	0
26237	495	275	1	586	300	300	60	60	60	60	0	0	0	0	0	0	0	0	0	0	0	0	0	0	0	0	1.0	-1.0	-1.0	-1.0	100	0
26271	1009	337	1	586	300	300	60	60	60	60	0	0	0	0	0	0	0	0	0	0	0	0	0	0	0	0	1.0	-1.0	-1.0	-1.0	100	0
26304	742	639	1	586	300	300	60	60	60	60	0	0	0	0	0	0	0	0	0	0	0	0	0	0	0	0	1.0	-1.0	-1.0	-1.0	100	0
26338	867	0	1	586	300	300	60	60	60	60	0	0	0	0	0	0	0	0	0	0	0	0	0	0	0	0	1.0	-1.0	-1.0	-1.0	100	0
26371	803	650	1	586	300	300	60	60	60	60	0	0	0	0	0	0	0	0	0	0	0	0	0	0	0	0	1.0	-1.0	-1.0	-1.0	100	0
26405	927	1104	1	586	300	300	60	60	60	60	0	0	0	0	0	0	0	0	0	0	0	0	0	0	0	0	1.0	-1.0	-1.0	-1.0	100	0
26438	646	357	1	586	300	300	60	60	60	60	0	0	0	0	0	0	0	0	0	0	0	0	0	0	0	0	1.0	-1.0	-1.0	-1.0	100	0
26471	954	300	1	586	300	300	60	60	60	60	0	0	0	0	0	0	0	0	0	0	0	0	0	0	0	0	1.0	-1.0	-1.0	-1.0	100	0
26505	974	569	1	586	300	300	60	60	60	60	0	0	0	0	0	0	0	0	0	0	0	0	0	0	0	0	1.0	-1.0	-1.0	-1.0	100	0
26538	1269	774	1	586	300	300	60	60	60	60	0	0	0	0	0	0	0	0	0	0	0	0	0	0	0	0	1.0	-1.0	-1.0	-1.0	100	0
26571	848	718	1	586	300	300	60	60	60	60	0	0	0	0	0	0	0	0	0	0	0	0	0	0	0	0	1.0	-1.0	-1.0	-1.0	100	0
26605	928	738	1	586	300	300	60	60	60	60	0	0	0	0	0	0	0	0	0	0	0	0	0	0	0	0	1.0	-1.0	-1.0	-1.0	100	0
26638	629	769	1	586	300	300	60	60	60	60	0	0	0	0	0	0	0	0	0	0	0	0	0	0	0	0	1.0	-1.0	-1.0	-1.0	100	0
26672	1000	697	1	586	300	300	60	60	60	60	0	0	0	0	0	0	0	0	0	0	0	0	0	0	0	0	1.0	-1.0	-1.0	-1.0	100	0
26705	1346	347	1	586	300	300	60	60	60	60	0	0	0	0	0	0	0	0	0	0	0	0	0	0	0	0	1.0	-1.0	-1.0	-1.0	100	0
26739	1407	305	1	586	300	300	60	60	60	60	0	0	0	0	0	0	0	0	0	0	0	0	0	0	0	0	1.0	-1.0	-1.0	-1.0	100	0
26772	655	963	1	586	300	300	60	60	60	60	0	0	0	0	0	0	0	0	0	0	0	0	0	0	0	0	1.0	-1.0	-1.0	-1.0	100	0
26805	608	478	1	586	300	300	60	60	60	60	0	0	0	0	0	0	0	0	0	0	0	0	0	0	0	0	1.0	-1.0	-1.0	-1.0	100	0
26838	1302	1072	1	586	300	300	60	60	60	60	0	0	0	0	0	0	0	0	0	0	0	0	0	0	0	0	1.0	-1.0	-1.0	-1.0	100	0
26872	594	521	1	586	300	300	60	60	60	60	0	0	0	0	0	0	0	0	0	0	0	0	0	0	0	0	1.0	-1.0	-1.0	-1.0	100	0
26905	588	351	1	586	300	300	60	60	60	60	0	0	0	0	0	0	0	0	0	0	0	0	0	0	0	0	1.0	-1.0	-1.0	-1.0	100	0
26938	1272	345	1	586	300	300	60	60	60	60	0	0	0	0	0	0	0	0	0	0	0	0	0	0	0	0	1.0	-1.0	-1.0	-1.0	100	0
26972	924	397	1	586	300	300	60	60	60	60	0	0	0	0	0	0	0	0	0	0	0	0	0	0	0	0	1.0	-1.0	-1.0	-1.0	100	0
27005	729	732	1	586	300	300	60	60	60	60	0	0	0	0	0	0	0	0	0	0	0	0	0	0	0	0	1.0	-1.0	-1.0	-1.0	100	0
27037	1210	571	1	586	300	300	60	60	60	60	0	0	0	0	0	0	0	0	0	0	0	0	0	0	0	0	1.0	-1.0	-1.0	-1.0	100	0
27072	1160	461	1	586	300	300	60	60	60	60	0	0	0	0	0	0	0	0	0	0	0	0	0	0	0	0	1.0	-1.0	-0.9764706	-1.0	100	1
27105	821	695	1	586	300	300	60	60	60	60	0	0	0	0	0	0	0	0	0	0	0	0	0	0	0	0	1.0	-1.0	-0.90588236	-1.0	100	4
27139	1002	620	1	586	300	300	60	60	60	60	0	0	0	0	0	0	0	0	0	0	0	0	0	0	0	0	1.0	-1.0	-0.90588236	-1.0	100	4
27173	558	636	1	586	300	300	60	60	60	60	0	0	0	0	0	0	0	0	0	0	0	0	0	0	0	0	1.0	-1.0	-0.9607843	-1.0	100	1
27206	408	185	1	586	300	300	60	60	60	60	0	0	0	0	0	0	0	0	0	0	0	0	0	0	0	0	1.0	-1.0	-1.0	-1.0	100	0
27238	1385	392	1	586	300	300	60	60	60	60	0	0	0	0	0	0	0	0	0	0	0	0	0	0	0	0	1.0	-1.0	-1.0	-1.0	100	0
27273	793	370	1	586	300	300	60	60	60	60	0	0	0	0	0	0	0	0	0	0	0	0	0	0	0	0	1.0	-1.0	-1.0	-1.0	100	0
27305	302	694	1	586	300	300	60	60	60	60	0	0	0	0	0	0	0	0	0	0	0	0	0	0	0	0	1.0	-1.0	-1.0	-1.0	100	0
27339	1477	961	1	586	300	300	60	60	60	60	0	0	0	0	0	0	0	0	0	0	0	0	0	0	0	0	1.0	-1.0	-1.0	-1.0	100	0
27371	1341	515	1	586	300	300	60	60	60	60	0	0	0	0	0	0	0	0	0	0	0	0	0	0	0	0	1.0	-1.0	-1.0	-1.0	100	0
27405	1001	890	1	586	300	300	60	60	60	60	0	0	0	0	0	0	0	0	0	0	0	0	0	0	0	0	1.0	-1.0	-1.0	-1.0	100	0
27438	1039	237	1	586	300	300	60	60	60	60	0	0	0	0	0	0	0	0	0	0	0	0	0	0	0	0	1.0	-1.0	-1.0	-1.0	100	0
27471	813	554	1	586	300	300	60	60	60	60	0	0	0	0	0	0	0	0	0	0	0	0	0	0	0	0	1.0	-1.0	-1.0	-1.0	100	0
27506	1050	627	1	586	300	300	60	60	60	60	0	0	0	0	0	0	0	0	0	0	0	0	0	0	0	0	1.0	-1.0	-1.0	-1.0	100	0
27537	723	356	1	586	300	300	60	60	60	60	0	0	0	0	0	0	0	0	0	0	0	0	0	0	0	0	1.0	-1.0	-1.0	-1.0	100	0
27573	1260	617	1	586	300	300	60	60	60	60	0	0	0	0	0	0	0	0	0	0	0	0	0	0	0	0	1.0	-1.0	-1.0	-1.0	100	0
27605	909	668	1	586	300	300	60	60	60	60	0	0	0	0	0	0	0	0	0	0	0	0	0	0	0	0	0.9137255	-0.94509804	-0.7254902	-1.0	92	13
27638	959	432	1	586	300	300	60	60	60	60	0	0	0	0	0	0	0	0	0	0	0	0	0	0	0	0	0.35686278	-0.36470586	0.12156868	0.21568632	36	-5
27673	1083	647	1	586	300	300	60	60	60	60	0	0	0	0	0	0	0	0	0	0	0	0	0	0	0	0	0.1686275	0.0	0.0	0.0	8	0
27705	658	115	1	586	300	300	60	60	60	60	0	0	0	0	0	0	0	0	0	0	0	0	0	0	0	0	0.1686275	0.0	0.0	0.0	8	0
27738	560	0	1	586	300	300	60	60	60	60	0	0	0	0	0	0	0	0	0	0	0	0	0	0	0	0	0.1686275	0.0	0.0	0.0	8	0
27773	1119	793	1	586	300	300	60	60	60	60	0	0	0	0	0	0	0	0	0	0	0	0	0	0	0	0	0.1686275	0.0	0.0	0.0	8	0
27805	417	0	1	586	300	300	60	60	60	60	0	0	0	0	0	0	0	0	0	0	0	0	0	0	0	0	0.1686275	0.0	0.0	0.0	8	0
27838	1116	889	1	586	300	300	60	60	60	60	0	0	0	0	0	0	0	0	0	0	0	0	0	0	0	0	0.1686275	0.0	0.0	0.0	8	0
27872	1627	760	1	586	300	300	60	60	60	60	0	0	0	0	0	0	0	0	0	0	0	0	0	0	0	0	0.1686275	0.0	0.0	0.0	8	0
27904	897	542	1	586	300	300	60	60	60	60	0	0	0	0	0	0	0	0	0	0	0	0	0	0	0	0	0.1686275	0.0	0.0	0.0	8	0
27938	591	604	1	586	300	300	60	60	60	60	0	0	0	0	0	0	0	0	0	0	0	0	0	0	0	0	0.1686275	0.0	0.0	0.0	8	0
