millis	xpos	ypos	sX	sY	dpX	dpY	red	green	blue	opacity	A1	A2	A3	A4	L1	R1	L2	R2	S1	S2	M1	M2	up	down	left	right	anlgX	anlgY	anlgU	anlgV	x_mean	y_mean	joy1_int	joy2_int
8261	345	109	350	350	300	300	60	60	60	60	0	0	0	0	0	0	0	0	0	0	0	0	0	0	0	0	0.12156868	0.0	0.0	0.0	640	360	6	0
8277	1003	513	350	350	300	300	60	60	60	60	0	0	0	0	0	0	0	0	0	0	0	0	0	0	0	0	0.27843142	0.0	0.0	0.0	640	360	13	0
8294	652	356	350	350	300	300	60	60	60	60	0	0	0	0	0	0	0	0	0	0	0	0	0	0	0	0	0.45882356	0.0	0.0	0.0	640	360	22	0
8311	1164	51	350	350	300	300	60	60	60	60	0	0	0	0	0	0	0	0	0	0	0	0	0	0	0	0	0.5137255	0.0	0.0	0.0	640	360	25	0
8328	566	576	350	350	300	300	60	60	60	60	0	0	0	0	0	0	0	0	0	0	0	0	0	0	0	0	0.58431375	0.0	0.0	0.0	640	360	29	0
8344	415	-137	350	350	300	300	60	60	60	60	0	0	0	0	0	0	0	0	0	0	0	0	0	0	0	0	0.7176471	0.0	0.0	0.0	640	360	35	0
8361	-24	131	350	350	300	300	60	60	60	60	0	0	0	0	0	0	0	0	0	0	0	0	0	0	0	0	0.73333335	0.0	0.0	0.0	640	360	36	0
8377	757	555	350	350	300	300	60	60	60	60	0	0	0	0	0	0	0	0	0	0	0	0	0	0	0	0	0.79607844	0.0	0.0	0.0	640	360	39	0
8394	1022	502	350	350	300	300	60	60	60	60	0	0	0	0	0	0	0	0	0	0	0	0	0	0	0	0	0.8352941	0.0	0.0	0.0	640	360	41	0
8412	393	150	350	350	300	300	60	60	60	60	0	0	0	0	0	0	0	0	0	0	0	0	0	0	0	0	1.0	-0.10588235	0.0	0.0	640	360	55	0
8428	906	346	350	350	300	300	60	60	60	60	0	0	0	0	0	0	0	0	0	0	0	0	0	0	0	0	1.0	-0.18431371	0.0	0.0	640	360	59	0
8444	817	-13	350	350	300	300	60	60	60	60	0	0	0	0	0	0	0	0	0	0	0	0	0	0	0	0	1.0	-0.3333333	0.0	0.0	640	360	66	0
8461	484	718	350	350	300	300	60	60	60	60	0	0	0	0	0	0	0	0	0	0	0	0	0	0	0	0	1.0	-0.36470586	0.0	0.0	640	360	68	0
8477	1388	320	350	350	300	300	60	60	60	60	0	0	0	0	0	0	0	0	0	0	0	0	0	0	0	0	1.0	-0.52156866	0.0	0.0	640	360	76	0
8494	614	30	350	350	300	300	60	60	60	60	0	0	0	0	0	0	0	0	0	0	0	0	0	0	0	0	1.0	-0.64705884	0.0	0.0	640	360	82	0
8511	488	676	350	350	300	300	60	60	60	60	0	0	0	0	0	0	0	0	0	0	0	0	0	0	0	0	1.0	-0.9843137	0.0	0.0	640	360	99	0
8527	379	246	350	350	300	300	60	60	60	60	0	0	0	0	0	0	0	0	0	0	0	0	0	0	0	0	1.0	-1.0	0.0	0.0	640	360	100	0
8544	588	544	350	350	300	300	60	60	60	60	0	0	0	0	0	0	0	0	0	0	0	0	0	0	0	0	1.0	-1.0	0.0	0.0	640	360	100	0
8560	911	788	350	350	300	300	60	60	60	60	0	0	0	0	0	0	0	0	0	0	0	0	0	0	0	0	1.0	-1.0	0.0	0.0	640	360	100	0
8578	817	546	350	350	300	300	60	60	60	60	0	0	0	0	0	0	0	0	0	0	0	0	0	0	0	0	0.81960785	-1.0	0.0	0.0	640	360	90	0
8594	148	676	350	350	300	300	60	60	60	60	0	0	0	0	0	0	0	0	0	0	0	0	0	0	0	0	0.7019608	-1.0	0.0	0.0	640	360	85	0
8611	909	583	350	350	300	300	60	60	60	60	0	0	0	0	0	0	0	0	0	0	0	0	0	0	0	0	0.48235297	-1.0	0.0	0.0	640	360	74	0
8627	680	434	350	350	300	300	60	60	60	60	0	0	0	0	0	0	0	0	0	0	0	0	0	0	0	0	0.45882356	-1.0	0.0	0.0	640	360	72	0
8644	559	444	350	350	300	300	60	60	60	60	0	0	0	0	0	0	0	0	0	0	0	0	0	0	0	0	0.3803922	-1.0	0.0	0.0	640	360	69	0
8660	-121	179	350	350	300	300	60	60	60	60	0	0	0	0	0	0	0	0	0	0	0	0	0	0	0	0	0.3803922	-1.0	0.0	0.0	640	360	69	0
8678	619	414	350	350	300	300	60	60	60	60	0	0	0	0	0	0	0	0	0	0	0	0	0	0	0	0	0.3803922	-1.0	0.0	0.0	640	360	69	0
8694	658	255	350	350	300	300	60	60	60	60	0	0	0	0	0	0	0	0	0	0	0	0	0	0	0	0	0.3803922	-1.0	0.0	0.0	640	360	69	0
8711	377	539	350	350	300	300	60	60	60	60	0	0	0	0	0	0	0	0	0	0	0	0	0	0	0	0	0.36470592	-1.0	0.0	0.0	640	360	68	0
8727	605	429	350	350	300	300	60	60	60	60	0	0	0	0	0	0	0	0	0	0	0	0	0	0	0	0	0.32549024	-1.0	0.0	0.0	640	360	66	0
8743	1139	11	350	350	300	300	60	60	60	60	0	0	0	0	0	0	0	0	0	0	0	0	0	0	0	0	0.0	-1.0	0.0	0.0	640	360	50	0
8761	891	689	350	350	300	300	60	60	60	60	0	0	0	0	0	0	0	0	0	0	0	0	0	0	0	0	0.0	-1.0	0.0	0.0	640	360	50	0
8777	790	225	350	350	300	300	60	60	60	60	0	0	0	0	0	0	0	0	0	0	0	0	0	0	0	0	-0.14509803	-1.0	0.0	0.0	640	360	42	0
8794	535	351	350	350	300	300	60	60	60	60	0	0	0	0	0	0	0	0	0	0	0	0	0	0	0	0	-0.17647058	-1.0	0.0	0.0	640	360	41	0
8810	819	514	350	350	300	300	60	60	60	60	0	0	0	0	0	0	0	0	0	0	0	0	0	0	0	0	-0.27843136	-1.0	0.0	0.0	640	360	36	0
8827	926	-13	350	350	300	300	60	60	60	60	0	0	0	0	0	0	0	0	0	0	0	0	0	0	0	0	-0.3333333	-1.0	0.0	0.0	640	360	33	0
8843	613	56	350	350	300	300	60	60	60	60	0	0	0	0	0	0	0	0	0	0	0	0	0	0	0	0	-0.4980392	-1.0	0.0	0.0	640	360	25	0
8860	405	525	350	350	300	300	60	60	60	60	0	0	0	0	0	0	0	0	0	0	0	0	0	0	0	0	-0.5372549	-1.0	0.0	0.0	640	360	23	0
8877	792	156	350	350	300	300	60	60	60	60	0	0	0	0	0	0	0	0	0	0	0	0	0	0	0	0	-0.62352943	-1.0	0.0	0.0	640	360	18	0
8893	250	604	350	350	300	300	60	60	60	60	0	0	0	0	0	0	0	0	0	0	0	0	0	0	0	0	-0.64705884	-1.0	0.0	0.0	640	360	17	0
8910	1066	438	350	350	300	300	60	60	60	60	0	0	0	0	0	0	0	0	0	0	0	0	0	0	0	0	-0.64705884	-0.9372549	0.0	0.0	640	360	14	0
8928	746	661	350	350	300	300	60	60	60	60	0	0	0	0	0	0	0	0	0	0	0	0	0	0	0	0	-0.3333333	-0.6156863	-0.10588235	-0.19999999	640	360	14	4
8943	892	448	350	350	300	300	60	60	60	60	0	0	0	0	0	0	0	0	0	0	0	0	0	0	0	0	-0.16862744	-0.27843136	-0.17647058	-0.32549018	640	360	5	7
8960	758	469	350	350	300	300	60	60	60	60	0	0	0	0	0	0	0	0	0	0	0	0	0	0	0	0	0.0	-0.1607843	-0.2235294	-0.41176468	640	360	8	9
8976	881	-80	350	350	300	300	60	60	60	60	0	0	0	0	0	0	0	0	0	0	0	0	0	0	0	0	0.0	0.0	-0.44313723	-0.85882354	640	360	0	20
8994	318	520	350	350	300	300	60	60	60	60	0	0	0	0	0	0	0	0	0	0	0	0	0	0	0	0	0.0	0.0	-0.6313726	-1.0	640	360	0	18
9010	879	-159	350	350	300	300	60	60	60	60	0	0	0	0	0	0	0	0	0	0	0	0	0	0	0	0	0.0	0.0	-0.7882353	-1.0	640	360	0	10
9027	1076	811	350	350	300	300	60	60	60	60	0	0	0	0	0	0	0	0	0	0	0	0	0	0	0	0	0.0	0.0	-0.9764706	-1.0	640	360	0	1
9043	-16	764	350	350	300	300	60	60	60	60	0	0	0	0	0	0	0	0	0	0	0	0	0	0	0	0	0.0	0.0	-1.0	-1.0	640	360	0	0
9062	417	312	350	350	300	300	60	60	60	60	0	0	0	0	0	0	0	0	0	0	0	0	0	0	0	0	0.3176471	0.0	-1.0	-1.0	640	360	15	0
9078	186	235	350	350	300	300	60	60	60	60	0	0	0	0	0	0	0	0	0	0	0	0	0	0	0	0	0.41960788	0.0	-1.0	-1.0	640	360	20	0
9093	113	156	350	350	300	300	60	60	60	60	0	0	0	0	0	0	0	0	0	0	0	0	0	0	0	0	0.52156866	0.0	-1.0	-1.0	640	360	26	0
9110	645	172	350	350	300	300	60	60	60	60	0	0	0	0	0	0	0	0	0	0	0	0	0	0	0	0	0.9137255	0.0	-1.0	-1.0	640	360	45	0
9128	573	408	350	350	300	300	60	60	60	60	0	0	0	0	0	0	0	0	0	0	0	0	0	0	0	0	1.0	0.0	-1.0	-1.0	640	360	50	0
9143	370	277	350	350	300	300	60	60	60	60	0	0	0	0	0	0	0	0	0	0	0	0	0	0	0	0	1.0	0.0	-1.0	-1.0	640	360	50	0
9160	135	74	350	350	300	300	60	60	60	60	0	0	0	0	0	0	0	0	0	0	0	0	0	0	0	0	1.0	0.0	-1.0	-1.0	640	360	50	0
9178	706	116	350	350	300	300	60	60	60	60	0	0	0	0	0	0	0	0	0	0	0	0	0	0	0	0	1.0	0.0	-1.0	-1.0	640	360	50	0
9192	694	-214	350	350	300	300	60	60	60	60	0	0	0	0	0	0	0	0	0	0	0	0	0	0	0	0	1.0	0.0	-1.0	-1.0	640	360	50	0
9209	953	-105	350	350	300	300	60	60	60	60	0	0	0	0	0	0	0	0	0	0	0	0	0	0	0	0	1.0	0.0	-1.0	-1.0	640	360	50	0
9228	578	-72	350	350	300	300	60	60	60	60	0	0	0	0	0	0	0	0	0	0	0	0	0	0	0	0	1.0	0.0	-1.0	-1.0	640	360	50	0
9244	1011	193	350	350	300	300	60	60	60	60	0	0	0	0	0	0	0	0	0	0	0	0	0	0	0	0	1.0	-0.12156862	-1.0	-1.0	640	360	56	0
9261	323	59	350	350	300	300	60	60	60	60	0	0	0	0	0	0	0	0	0	0	0	0	0	0	0	0	1.0	-0.3098039	-1.0	-1.0	640	360	65	0
9277	675	44	350	350	300	300	60	60	60	60	0	0	0	0	0	0	0	0	0	0	0	0	0	0	0	0	1.0	-0.35686272	-1.0	-1.0	640	360	67	0
9294	245	-25	350	350	300	300	60	60	60	60	0	0	0	0	0	0	0	0	0	0	0	0	0	0	0	0	1.0	-0.4823529	-1.0	-1.0	640	360	74	0
9309	589	1096	350	350	300	300	60	60	60	60	0	0	0	0	0	0	0	0	0	0	0	0	0	0	0	0	1.0	-0.6156863	-1.0	-1.0	640	360	80	0
9327	1046	670	350	350	300	300	60	60	60	60	0	0	0	0	0	0	0	0	0	0	0	0	0	0	0	0	1.0	-0.84313726	-1.0	-1.0	640	360	92	0
9343	495	828	350	350	300	300	60	60	60	60	0	0	0	0	0	0	0	0	0	0	0	0	0	0	0	0	1.0	-1.0	-1.0	-1.0	640	360	100	0
9363	705	381	350	350	300	300	60	60	60	60	0	0	0	0	0	0	0	0	0	0	0	0	0	0	0	0	1.0	-1.0	-1.0	-1.0	640	360	100	0
9380	576	203	350	350	300	300	60	60	60	60	0	0	0	0	0	0	0	0	0	0	0	0	0	0	0	0	1.0	-1.0	-1.0	-1.0	640	360	100	0
9394	718	686	350	350	300	300	60	60	60	60	0	0	0	0	0	0	0	0	0	0	0	0	0	0	0	0	1.0	-1.0	-1.0	-1.0	640	360	100	0
9411	611	429	350	350	300	300	60	60	60	60	0	0	0	0	0	0	0	0	0	0	0	0	0	0	0	0	1.0	-1.0	-1.0	-0.96862745	640	360	100	-2
9426	567	-224	350	350	300	300	60	60	60	60	0	0	0	0	0	0	0	0	0	0	0	0	0	0	0	0	1.0	-1.0	-0.9764706	-0.9607843	640	360	100	-1
9445	548	418	350	350	300	300	60	60	60	60	0	0	0	0	0	0	0	0	0	0	0	0	0	0	0	0	1.0	-1.0	-0.81960785	-0.7254902	640	360	100	-5
9461	454	600	350	350	300	300	60	60	60	60	0	0	0	0	0	0	0	0	0	0	0	0	0	0	0	0	1.0	-1.0	-0.6784314	-0.6	640	360	100	-4
9477	921	171	350	350	300	300	60	60	60	60	0	0	0	0	0	0	0	0	0	0	0	0	0	0	0	0	0.9372549	-1.0	-0.49019605	-0.4352941	640	360	96	-3
9493	785	-159	350	350	300	300	60	60	60	60	0	0	0	0	0	0	0	0	0	0	0	0	0	0	0	0	0.78039217	-1.0	-0.29411763	-0.3098039	640	360	89	0
9510	535	531	350	350	300	300	60	60	60	60	0	0	0	0	0	0	0	0	0	0	0	0	0	0	0	0	0.6627451	-1.0	0.0	-0.17647058	640	360	83	8
9528	983	660	350	350	300	300	60	60	60	60	0	0	0	0	0	0	0	0	0	0	0	0	0	0	0	0	0.52156866	-1.0	0.0	0.0	640	360	76	0
9543	815	-166	350	350	300	300	60	60	60	60	0	0	0	0	0	0	0	0	0	0	0	0	0	0	0	0	0.5137255	-1.0	0.0	0.0	640	360	75	0
9562	1142	349	350	350	300	300	60	60	60	60	0	0	0	0	0	0	0	0	0	0	0	0	0	0	0	0	0.5137255	-1.0	0.0	0.0	640	360	75	0
9578	859	455	350	350	300	300	60	60	60	60	0	0	0	0	0	0	0	0	0	0	0	0	0	0	0	0	0.5137255	-1.0	0.0	0.0	640	360	75	0
9593	368	430	350	350	300	300	60	60	60	60	0	0	0	0	0	0	0	0	0	0	0	0	0	0	0	0	0.47450984	-1.0	0.20784318	0.0	640	360	73	10
9610	502	340	350	350	300	300	60	60	60	60	0	0	0	0	0	0	0	0	0	0	0	0	0	0	0	0	0.4039216	-1.0	0.30196083	0.0	640	360	70	15
9629	696	575	350	350	300	300	60	60	60	60	0	0	0	0	0	0	0	0	0	0	0	0	0	0	0	0	0.36470592	-1.0	0.41176474	0.0	640	360	68	20
9645	528	48	350	350	300	300	60	60	60	60	0	0	0	0	0	0	0	0	0	0	0	0	0	0	0	0	0.30196083	-1.0	0.5137255	0.0	640	360	65	25
9660	162	527	350	350	300	300	60	60	60	60	0	0	0	0	0	0	0	0	0	0	0	0	0	0	0	0	0.16078436	-1.0	0.60784316	0.11372554	640	360	58	24
9676	602	637	350	350	300	300	60	60	60	60	0	0	0	0	0	0	0	0	0	0	0	0	0	0	0	0	0.105882406	-1.0	0.6862745	0.16078436	640	360	55	26
9693	851	280	350	350	300	300	60	60	60	60	0	0	0	0	0	0	0	0	0	0	0	0	0	0	0	0	0.0	-1.0	0.92941177	0.27058828	640	360	50	32
9710	193	610	350	350	300	300	60	60	60	60	0	0	0	0	0	0	0	0	0	0	0	0	0	0	0	0	0.0	-1.0	1.0	0.27843142	640	360	50	36
9727	299	459	350	350	300	300	60	60	60	60	0	0	0	0	0	0	0	0	0	0	0	0	0	0	0	0	0.0	-1.0	1.0	0.3411765	640	360	50	32
9743	1022	627	350	350	300	300	60	60	60	60	0	0	0	0	0	0	0	0	0	0	0	0	0	0	0	0	-0.12156862	-1.0	1.0	0.38823533	640	360	43	30
9760	844	681	350	350	300	300	60	60	60	60	0	0	0	0	0	0	0	0	0	0	0	0	0	0	0	0	-0.21568626	-1.0	1.0	0.4666667	640	360	39	26
9777	684	309	350	350	300	300	60	60	60	60	0	0	0	0	0	0	0	0	0	0	0	0	0	0	0	0	-0.24705881	-1.0	1.0	0.5058824	640	360	37	24
9793	591	734	350	350	300	300	60	60	60	60	0	0	0	0	0	0	0	0	0	0	0	0	0	0	0	0	-0.2862745	-1.0	1.0	0.5529412	640	360	35	22
9810	782	772	350	350	300	300	60	60	60	60	0	0	0	0	0	0	0	0	0	0	0	0	0	0	0	0	-0.30196077	-1.0	1.0	0.5529412	640	360	34	22
9829	984	127	350	350	300	300	60	60	60	60	0	0	0	0	0	0	0	0	0	0	0	0	0	0	0	0	-0.2862745	-1.0	1.0	0.5529412	640	360	35	22
9844	901	64	350	350	300	300	60	60	60	60	0	0	0	0	0	0	0	0	0	0	0	0	0	0	0	0	-0.30196077	-1.0	1.0	0.56078434	640	360	34	21
9861	1135	-173	350	350	300	300	60	60	60	60	0	0	0	0	0	0	0	0	0	0	0	0	0	0	0	0	-0.30196077	-1.0	1.0	0.5372549	640	360	34	23
9877	1027	233	350	350	300	300	60	60	60	60	0	0	0	0	0	0	0	0	0	0	0	0	0	0	0	0	-0.21568626	-1.0	1.0	0.5372549	640	360	39	23
9894	1086	-204	350	350	300	300	60	60	60	60	0	0	0	0	0	0	0	0	0	0	0	0	0	0	0	0	0.13725495	-1.0	0.3411765	0.3176471	640	360	56	1
9911	377	634	350	350	300	300	60	60	60	60	0	0	0	0	0	0	0	0	0	0	0	0	0	0	0	0	0.3176471	-1.0	0.11372554	0.14509809	640	360	65	-2
9928	511	176	350	350	300	300	60	60	60	60	0	0	0	0	0	0	0	0	0	0	0	0	0	0	0	0	0.9137255	-1.0	0.0	0.0	640	360	95	0
9945	873	743	350	350	300	300	60	60	60	60	0	0	0	0	0	0	0	0	0	0	0	0	0	0	0	0	1.0	-1.0	-0.10588235	0.0	640	360	100	-6
9963	690	223	350	350	300	300	60	60	60	60	0	0	0	0	0	0	0	0	0	0	0	0	0	0	0	0	1.0	-1.0	-0.40392154	-0.1372549	640	360	100	-14
9978	537	711	350	350	300	300	60	60	60	60	0	0	0	0	0	0	0	0	0	0	0	0	0	0	0	0	1.0	-1.0	-0.5921569	-0.19215685	640	360	100	-21
9993	787	-349	350	350	300	300	60	60	60	60	0	0	0	0	0	0	0	0	0	0	0	0	0	0	0	0	1.0	-1.0	-0.7647059	-0.27058822	640	360	100	-25
10011	852	90	350	350	300	300	60	60	60	60	0	0	0	0	0	0	0	0	0	0	0	0	0	0	0	0	1.0	-1.0	-0.9843137	-0.38039213	640	360	100	-31
10029	442	364	350	350	300	300	60	60	60	60	0	0	0	0	0	0	0	0	0	0	0	0	0	0	0	0	1.0	-1.0	-1.0	-0.40392154	640	360	100	-30
10044	830	847	350	350	300	300	60	60	60	60	0	0	0	0	0	0	0	0	0	0	0	0	0	0	0	0	1.0	-1.0	-1.0	-0.5372549	640	360	100	-24
10061	1143	556	350	350	300	300	60	60	60	60	0	0	0	0	0	0	0	0	0	0	0	0	0	0	0	0	1.0	-1.0	-1.0	-0.69411767	640	360	100	-16
10077	373	153	350	350	300	300	60	60	60	60	0	0	0	0	0	0	0	0	0	0	0	0	0	0	0	0	1.0	-1.0	-1.0	-1.0	640	360	100	0
10097	1029	83	350	350	300	300	60	60	60	60	0	0	0	0	0	0	0	0	0	0	0	0	0	0	0	0	1.0	-1.0	-1.0	-1.0	640	360	100	0
10111	226	629	350	350	300	300	60	60	60	60	0	0	0	0	0	0	0	0	0	0	0	0	0	0	0	0	1.0	-1.0	-1.0	-1.0	640	360	100	0
10128	650	392	350	350	300	300	60	60	60	60	0	0	0	0	0	0	0	0	0	0	0	0	0	0	0	0	1.0	-1.0	-1.0	-1.0	640	360	100	0
10144	423	94	350	350	300	300	60	60	60	60	0	0	0	0	0	0	0	0	0	0	0	0	0	0	0	0	1.0	-1.0	-1.0	-1.0	640	360	100	0
10160	818	724	350	350	300	300	60	60	60	60	0	0	0	0	0	0	0	0	0	0	0	0	0	0	0	0	1.0	-0.96862745	-1.0	-1.0	640	360	98	0
10177	163	350	350	350	300	300	60	60	60	60	0	0	0	0	0	0	0	0	0	0	0	0	0	0	0	0	1.0	-0.8117647	-1.0	-1.0	640	360	90	0
10194	696	166	350	350	300	300	60	60	60	60	0	0	0	0	0	0	0	0	0	0	0	0	0	0	0	0	1.0	-0.78039217	-1.0	-1.0	640	360	89	0
10213	536	783	350	350	300	300	60	60	60	60	0	0	0	0	0	0	0	0	0	0	0	0	0	0	0	0	1.0	-0.6156863	-1.0	-1.0	640	360	80	0
10229	480	344	350	350	300	300	60	60	60	60	0	0	0	0	0	0	0	0	0	0	0	0	0	0	0	0	1.0	-0.5058824	-1.0	-1.0	640	360	75	0
10246	474	-25	350	350	300	300	60	60	60	60	0	0	0	0	0	0	0	0	0	0	0	0	0	0	0	0	1.0	-0.36470586	-0.9529412	-1.0	640	360	68	2
10261	351	146	350	350	300	300	60	60	60	60	0	0	0	0	0	0	0	0	0	0	0	0	0	0	0	0	1.0	-0.27058822	-0.6784314	-1.0	640	360	63	16
10276	804	-122	350	350	300	300	60	60	60	60	0	0	0	0	0	0	0	0	0	0	0	0	0	0	0	0	1.0	-0.26274508	-0.5921569	-1.0	640	360	63	20
10293	820	-21	350	350	300	300	60	60	60	60	0	0	0	0	0	0	0	0	0	0	0	0	0	0	0	0	0.73333335	-0.26274508	-0.40392154	-0.9607843	640	360	49	27
10313	399	-59	350	350	300	300	60	60	60	60	0	0	0	0	0	0	0	0	0	0	0	0	0	0	0	0	0.5529412	-0.26274508	-0.38039213	-0.8117647	640	360	40	21
12995	265	418	350	350	300	300	60	60	60	60	0	0	0	0	0	0	0	0	0	0	0	0	0	0	0	0	-0.17647058	0.0	0.0	0.0	640	360	-9	0
13010	611	613	350	350	300	300	60	60	60	60	0	0	0	0	0	0	0	0	0	0	0	0	0	0	0	0	-0.32549018	0.19215691	0.0	0.0	640	360	-26	0
13026	170	-80	350	350	300	300	60	60	60	60	0	0	0	0	0	0	0	0	0	0	0	0	0	0	0	0	-0.40392154	0.21568632	0.0	0.0	640	360	-31	0
13044	487	384	350	350	300	300	60	60	60	60	0	0	0	0	0	0	0	0	0	0	0	0	0	0	0	0	-0.64705884	0.27058828	0.0	0.0	640	360	-46	0
13060	926	636	350	350	300	300	60	60	60	60	0	0	0	0	0	0	0	0	0	0	0	0	0	0	0	0	-0.73333335	0.27058828	0.0	0.0	640	360	-51	0
13076	746	402	350	350	300	300	60	60	60	60	0	0	0	0	0	0	0	0	0	0	0	0	0	0	0	0	-0.94509804	0.35686278	0.0	0.0	640	360	-66	0
13094	520	335	350	350	300	300	60	60	60	60	0	0	0	0	0	0	0	0	0	0	0	0	0	0	0	0	-1.0	0.39607847	0.0	0.0	640	360	-70	0
13111	453	772	350	350	300	300	60	60	60	60	0	0	0	0	0	0	0	0	0	0	0	0	0	0	0	0	-1.0	0.43529415	0.0	0.0	640	360	-72	0
13126	257	700	350	350	300	300	60	60	60	60	0	0	0	0	0	0	0	0	0	0	0	0	0	0	0	0	-1.0	0.4666667	0.0	0.0	640	360	-74	0
13145	795	286	350	350	300	300	60	60	60	60	0	0	0	0	0	0	0	0	0	0	0	0	0	0	0	0	-1.0	0.4666667	0.0	0.0	640	360	-74	0
13161	7	652	350	350	300	300	60	60	60	60	0	0	0	0	0	0	0	0	0	0	0	0	0	0	0	0	-1.0	0.47450984	0.0	0.0	640	360	-74	0
13177	561	1015	350	350	300	300	60	60	60	60	0	0	0	0	0	0	0	0	0	0	0	0	0	0	0	0	-1.0	0.5686275	0.0	0.0	640	360	-79	0
13195	872	385	350	350	300	300	60	60	60	60	0	0	0	0	0	0	0	0	0	0	0	0	0	0	0	0	-1.0	0.5764706	0.0	0.0	640	360	-79	0
13211	91	419	350	350	300	300	60	60	60	60	0	0	0	0	0	0	0	0	0	0	0	0	0	0	0	0	-1.0	0.654902	0.0	0.0	640	360	-83	0
13228	361	-27	350	350	300	300	60	60	60	60	0	0	0	0	0	0	0	0	0	0	0	0	0	0	0	0	-0.8509804	0.77254903	0.0	0.0	640	360	-82	0
13244	559	68	350	350	300	300	60	60	60	60	0	0	0	0	0	0	0	0	0	0	0	0	0	0	0	0	-0.6784314	0.7882353	0.0	0.0	640	360	-74	0
13260	423	923	350	350	300	300	60	60	60	60	0	0	0	0	0	0	0	0	0	0	0	0	0	0	0	0	-0.2235294	0.8117647	0.0	0.0	640	360	-52	0
13277	965	155	350	350	300	300	60	60	60	60	0	0	0	0	0	0	0	0	0	0	0	0	0	0	0	0	-0.1372549	0.8117647	0.0	0.0	640	360	-48	0
13293	659	926	350	350	300	300	60	60	60	60	0	0	0	0	0	0	0	0	0	0	0	0	0	0	0	0	0.0	0.8117647	0.0	-0.2862745	640	360	-41	14
13311	350	269	350	350	300	300	60	60	60	60	0	0	0	0	0	0	0	0	0	0	0	0	0	0	0	0	0.24705887	0.8117647	0.11372554	-0.41176468	640	360	-29	26
13330	743	175	350	350	300	300	60	60	60	60	0	0	0	0	0	0	0	0	0	0	0	0	0	0	0	0	0.41960788	0.8901961	0.11372554	-0.5686275	640	360	-24	34
13344	200	74	350	350	300	300	60	60	60	60	0	0	0	0	0	0	0	0	0	0	0	0	0	0	0	0	0.58431375	0.9372549	0.11372554	-0.7176471	640	360	-18	41
13361	697	537	350	350	300	300	60	60	60	60	0	0	0	0	0	0	0	0	0	0	0	0	0	0	0	0	0.8901961	1.0	0.0	-0.88235295	640	360	-6	44
13378	409	575	350	350	300	300	60	60	60	60	0	0	0	0	0	0	0	0	0	0	0	0	0	0	0	0	1.0	1.0	-0.14509803	-0.9843137	640	360	0	41
13394	573	440	350	350	300	300	60	60	60	60	0	0	0	0	0	0	0	0	0	0	0	0	0	0	0	0	1.0	1.0	-0.26274508	-1.0	640	360	0	36
13413	675	498	350	350	300	300	60	60	60	60	0	0	0	0	0	0	0	0	0	0	0	0	0	0	0	0	1.0	1.0	-0.36470586	-1.0	640	360	0	31
13427	1169	-125	350	350	300	300	60	60	60	60	0	0	0	0	0	0	0	0	0	0	0	0	0	0	0	0	1.0	1.0	-0.46666664	-1.0	640	360	0	26
13443	745	-131	350	350	300	300	60	60	60	60	0	0	0	0	0	0	0	0	0	0	0	0	0	0	0	0	1.0	1.0	-0.52156866	-1.0	640	360	0	23
13464	497	630	350	350	300	300	60	60	60	60	0	0	0	0	0	0	0	0	0	0	0	0	0	0	0	0	1.0	1.0	-0.73333335	-1.0	640	360	0	13
13479	287	598	350	350	300	300	60	60	60	60	0	0	0	0	0	0	0	0	0	0	0	0	0	0	0	0	1.0	1.0	-0.8117647	-1.0	640	360	0	9
13494	456	233	350	350	300	300	60	60	60	60	0	0	0	0	0	0	0	0	0	0	0	0	0	0	0	0	1.0	1.0	-0.9372549	-1.0	640	360	0	3
13514	1320	207	350	350	300	300	60	60	60	60	0	0	0	0	0	0	0	0	0	0	0	0	0	0	0	0	1.0	1.0	-0.9607843	-1.0	640	360	0	1
13530	505	410	350	350	300	300	60	60	60	60	0	0	0	0	0	0	0	0	0	0	0	0	0	0	0	0	1.0	1.0	-0.9843137	-1.0	640	360	0	0
13545	420	-182	350	350	300	300	60	60	60	60	0	0	0	0	0	0	0	0	0	0	0	0	0	0	0	0	1.0	0.9764706	-1.0	-1.0	640	360	1	0
13560	1237	795	350	350	300	300	60	60	60	60	0	0	0	0	0	0	0	0	0	0	0	0	0	0	0	0	1.0	0.8117647	-1.0	-1.0	640	360	9	0
13578	388	371	350	350	300	300	60	60	60	60	0	0	0	0	0	0	0	0	0	0	0	0	0	0	0	0	1.0	0.73333335	-1.0	-1.0	640	360	13	0
13594	494	383	350	350	300	300	60	60	60	60	0	0	0	0	0	0	0	0	0	0	0	0	0	0	0	0	1.0	0.70980394	-1.0	-1.0	640	360	14	0
13611	667	409	350	350	300	300	60	60	60	60	0	0	0	0	0	0	0	0	0	0	0	0	0	0	0	0	1.0	0.64705884	-1.0	-1.0	640	360	17	0
13630	343	395	350	350	300	300	60	60	60	60	0	0	0	0	0	0	0	0	0	0	0	0	0	0	0	0	1.0	0.5137255	-1.0	-1.0	640	360	24	0
13646	235	420	350	350	300	300	60	60	60	60	0	0	0	0	0	0	0	0	0	0	0	0	0	0	0	0	1.0	0.45098042	-1.0	-1.0	640	360	27	0
13660	1145	383	350	350	300	300	60	60	60	60	0	0	0	0	0	0	0	0	0	0	0	0	0	0	0	0	1.0	0.11372554	-1.0	-1.0	640	360	44	0
13676	281	-446	350	350	300	300	60	60	60	60	0	0	0	0	0	0	0	0	0	0	0	0	0	0	0	0	1.0	0.0	-1.0	-1.0	640	360	50	0
13696	514	259	350	350	300	300	60	60	60	60	0	0	0	0	0	0	0	0	0	0	0	0	0	0	0	0	1.0	-0.18431371	-1.0	-1.0	640	360	59	0
13712	577	11	350	350	300	300	60	60	60	60	0	0	0	0	0	0	0	0	0	0	0	0	0	0	0	0	1.0	-0.35686272	-1.0	-1.0	640	360	67	0
13727	614	266	350	350	300	300	60	60	60	60	0	0	0	0	0	0	0	0	0	0	0	0	0	0	0	0	1.0	-0.41960782	-1.0	-0.92941177	640	360	70	-4
13746	78	-31	350	350	300	300	60	60	60	60	0	0	0	0	0	0	0	0	0	0	0	0	0	0	0	0	1.0	-0.69411767	-1.0	-0.62352943	640	360	84	-19
13761	608	797	350	350	300	300	60	60	60	60	0	0	0	0	0	0	0	0	0	0	0	0	0	0	0	0	1.0	-0.7882353	-1.0	-0.49019605	640	360	89	-26
13777	366	788	350	350	300	300	60	60	60	60	0	0	0	0	0	0	0	0	0	0	0	0	0	0	0	0	1.0	-0.9529412	-0.8901961	-0.2235294	640	360	97	-34
13793	610	749	350	350	300	300	60	60	60	60	0	0	0	0	0	0	0	0	0	0	0	0	0	0	0	0	1.0	-0.9843137	-0.84313726	-0.1372549	640	360	99	-36
13815	913	363	350	350	300	300	60	60	60	60	0	0	0	0	0	0	0	0	0	0	0	0	0	0	0	0	1.0	-1.0	-0.40392154	0.0	640	360	100	-21
13829	1095	725	350	350	300	300	60	60	60	60	0	0	0	0	0	0	0	0	0	0	0	0	0	0	0	0	1.0	-1.0	-0.19215685	0.12156868	640	360	100	-16
13845	869	891	350	350	300	300	60	60	60	60	0	0	0	0	0	0	0	0	0	0	0	0	0	0	0	0	1.0	-1.0	0.0	0.13725495	640	360	100	-7
13862	697	140	350	350	300	300	60	60	60	60	0	0	0	0	0	0	0	0	0	0	0	0	0	0	0	0	1.0	-1.0	0.0	0.2313726	640	360	100	-12
13880	519	562	350	350	300	300	60	60	60	60	0	0	0	0	0	0	0	0	0	0	0	0	0	0	0	0	1.0	-1.0	0.32549024	0.4666667	640	360	100	-8
13894	359	332	350	350	300	300	60	60	60	60	0	0	0	0	0	0	0	0	0	0	0	0	0	0	0	0	1.0	-1.0	0.38823533	0.5372549	640	360	100	-8
13913	621	106	350	350	300	300	60	60	60	60	0	0	0	0	0	0	0	0	0	0	0	0	0	0	0	0	1.0	-1.0	0.5764706	0.73333335	640	360	100	-8
13927	731	131	350	350	300	300	60	60	60	60	0	0	0	0	0	0	0	0	0	0	0	0	0	0	0	0	1.0	-1.0	0.6627451	0.7647059	640	360	100	-6
13946	809	672	350	350	300	300	60	60	60	60	0	0	0	0	0	0	0	0	0	0	0	0	0	0	0	0	0.9764706	-1.0	0.94509804	0.7882353	640	360	98	7
13962	878	64	350	350	300	300	60	60	60	60	0	0	0	0	0	0	0	0	0	0	0	0	0	0	0	0	0.8509804	-1.0	1.0	0.7882353	640	360	92	10
13977	-170	524	350	350	300	300	60	60	60	60	0	0	0	0	0	0	0	0	0	0	0	0	0	0	0	0	0.58431375	-1.0	1.0	0.8039216	640	360	79	9
13997	814	200	350	350	300	300	60	60	60	60	0	0	0	0	0	0	0	0	0	0	0	0	0	0	0	0	0.52156866	-1.0	1.0	0.8039216	640	360	76	9
14013	232	591	350	350	300	300	60	60	60	60	0	0	0	0	0	0	0	0	0	0	0	0	0	0	0	0	0.35686278	-1.0	1.0	0.64705884	640	360	67	17
14028	816	291	350	350	300	300	60	60	60	60	0	0	0	0	0	0	0	0	0	0	0	0	0	0	0	0	0.23921573	-1.0	0.69411767	0.41176474	640	360	61	14
14043	965	530	350	350	300	300	60	60	60	60	0	0	0	0	0	0	0	0	0	0	0	0	0	0	0	0	0.13725495	-0.79607844	0.0	0.0	640	360	46	0
14063	653	544	350	350	300	300	60	60	60	60	0	0	0	0	0	0	0	0	0	0	0	0	0	0	0	0	0.0	-0.4980392	0.0	0.0	640	360	24	0
14078	488	511	350	350	300	300	60	60	60	60	0	0	0	0	0	0	0	0	0	0	0	0	0	0	0	0	0.0	-0.18431371	0.0	0.0	640	360	9	0
18828	-95	-18	350	350	300	300	60	60	60	60	0	0	0	0	0	0	0	0	0	0	0	0	0	0	0	0	0.0	0.0	0.16078436	0.0	640	360	0	8
18845	818	589	350	350	300	300	60	60	60	60	0	0	0	0	0	0	0	0	0	0	0	0	0	0	0	0	0.0	0.0	0.32549024	0.0	640	360	0	16
18862	713	549	350	350	300	300	60	60	60	60	0	0	0	0	0	0	0	0	0	0	0	0	0	0	0	0	0.0	0.0	0.827451	-0.40392154	640	360	0	61
18879	1224	322	350	350	300	300	60	60	60	60	0	0	0	0	0	0	0	0	0	0	0	0	0	0	0	0	0.0	0.0	1.0	-0.56078434	640	360	0	78
18895	468	393	350	350	300	300	60	60	60	60	0	0	0	0	0	0	0	0	0	0	0	0	0	0	0	0	0.0	0.0	1.0	-0.6784314	640	360	0	83
18911	675	228	350	350	300	300	60	60	60	60	0	0	0	0	0	0	0	0	0	0	0	0	0	0	0	0	0.0	0.0	1.0	-0.7176471	640	360	0	85
18929	1345	-44	350	350	300	300	60	60	60	60	0	0	0	0	0	0	0	0	0	0	0	0	0	0	0	0	0.0	0.0	1.0	-0.8901961	640	360	0	94
18946	865	84	350	350	300	300	60	60	60	60	0	0	0	0	0	0	0	0	0	0	0	0	0	0	0	0	0.0	0.0	1.0	-0.94509804	640	360	0	97
18962	501	700	350	350	300	300	60	60	60	60	0	0	0	0	0	0	0	0	0	0	0	0	0	0	0	0	0.0	0.0	1.0	-0.96862745	640	360	0	98
18978	824	387	350	350	300	300	60	60	60	60	0	0	0	0	0	0	0	0	0	0	0	0	0	0	0	0	0.23921573	-0.20784312	1.0	-1.0	640	360	22	100
18995	556	872	350	350	300	300	60	60	60	60	0	0	0	0	0	0	0	0	0	0	0	0	0	0	0	0	0.30196083	-0.23921567	1.0	-1.0	640	360	27	100
19011	419	-388	350	350	300	300	60	60	60	60	0	0	0	0	0	0	0	0	0	0	0	0	0	0	0	0	0.48235297	-0.41960782	0.7882353	-1.0	640	360	45	89
19030	564	447	350	350	300	300	60	60	60	60	0	0	0	0	0	0	0	0	0	0	0	0	0	0	0	0	0.69411767	-0.6784314	0.38823533	-0.9372549	640	360	68	66
19045	577	365	350	350	300	300	60	60	60	60	0	0	0	0	0	0	0	0	0	0	0	0	0	0	0	0	1.0	-0.9137255	-0.19215685	-0.40392154	640	360	95	10
19061	423	765	350	350	300	300	60	60	60	60	0	0	0	0	0	0	0	0	0	0	0	0	0	0	0	0	1.0	-1.0	-0.3098039	-0.21568626	640	360	100	-5
19079	1015	340	350	350	300	300	60	60	60	60	0	0	0	0	0	0	0	0	0	0	0	0	0	0	0	0	1.0	-1.0	-0.3960784	-0.1372549	640	360	100	-13
19095	1013	122	350	350	300	300	60	60	60	60	0	0	0	0	0	0	0	0	0	0	0	0	0	0	0	0	1.0	-1.0	-0.52156866	0.0	640	360	100	-27
19113	628	759	350	350	300	300	60	60	60	60	0	0	0	0	0	0	0	0	0	0	0	0	0	0	0	0	1.0	-1.0	-0.73333335	0.0	640	360	100	-37
19128	916	631	350	350	300	300	60	60	60	60	0	0	0	0	0	0	0	0	0	0	0	0	0	0	0	0	1.0	-1.0	-0.77254903	0.0	640	360	100	-39
19144	77	300	350	350	300	300	60	60	60	60	0	0	0	0	0	0	0	0	0	0	0	0	0	0	0	0	0.5372549	-0.70980394	-0.84313726	0.0	640	360	62	-43
19161	747	-128	350	350	300	300	60	60	60	60	0	0	0	0	0	0	0	0	0	0	0	0	0	0	0	0	-0.17647058	0.2313726	-0.85882354	0.0	640	360	-21	-43
19179	703	745	350	350	300	300	60	60	60	60	0	0	0	0	0	0	0	0	0	0	0	0	0	0	0	0	0.0	0.0	-0.85882354	0.0	640	360	0	-43
19194	-42	-24	350	350	300	300	60	60	60	60	0	0	0	0	0	0	0	0	0	0	0	0	0	0	0	0	0.0	0.0	-0.85882354	0.0	640	360	0	-43
19211	315	401	350	350	300	300	60	60	60	60	0	0	0	0	0	0	0	0	0	0	0	0	0	0	0	0	0.0	0.0	-0.45098037	-0.40392154	640	360	0	-3
19228	358	628	350	350	300	300	60	60	60	60	0	0	0	0	0	0	0	0	0	0	0	0	0	0	0	0	0.0	0.0	-0.36470586	-0.46666664	640	360	0	5
19995	396	417	350	350	300	300	60	60	60	60	0	0	0	0	0	1	0	0	0	0	0	0	0	0	0	0	0.12156868	0.0	0.0	0.0	640	360	6	0
20013	883	531	334	350	300	300	60	60	60	60	0	0	0	0	0	1	0	0	0	0	0	0	0	0	0	0	0.5137255	0.0	0.0	0.0	640	360	25	0
20027	569	102	313	350	300	300	60	60	60	60	0	0	0	0	0	1	0	0	0	0	0	0	0	0	0	0	0.69411767	0.0	0.0	0.0	640	360	34	0
20045	614	144	283	350	300	300	60	60	60	60	0	0	0	0	0	1	0	0	0	0	0	0	0	0	0	0	1.0	0.0	0.0	0.0	640	360	50	0
20061	103	232	253	350	300	300	60	60	60	60	0	0	0	0	0	1	0	0	0	0	0	0	0	0	0	0	1.0	0.0	0.0	0.0	640	360	50	0
20079	896	337	223	350	300	300	60	60	60	60	0	0	0	0	0	1	0	0	0	0	0	0	0	0	0	0	1.0	0.0	0.0	0.0	640	360	50	0
20094	978	-89	193	350	300	300	60	60	60	60	0	0	0	0	0	1	0	0	0	0	0	0	0	0	0	0	1.0	0.0	0.0	0.0	640	360	50	0
20111	754	831	163	350	300	300	60	60	60	60	0	0	0	0	0	1	0	0	0	0	0	0	0	0	0	0	1.0	0.0	0.0	0.0	640	360	50	0
20128	1130	210	133	350	300	300	60	60	60	60	0	0	0	0	0	1	0	0	0	0	0	0	0	0	0	0	1.0	0.0	0.0	0.0	640	360	50	0
20144	780	836	103	350	300	300	60	60	60	60	0	0	0	0	0	1	0	0	0	0	0	0	0	0	0	0	1.0	0.0	0.0	0.0	640	360	50	0
20163	1370	-133	73	350	300	300	60	60	60	60	0	0	0	0	0	1	0	0	0	0	0	0	0	0	0	0	1.0	0.0	0.0	0.0	640	360	50	0
20177	953	618	43	350	300	300	60	60	60	60	0	0	0	0	0	1	0	0	0	0	0	0	0	0	0	0	1.0	0.0	0.0	0.0	640	360	50	0
20194	466	361	13	350	300	300	60	60	60	60	0	0	0	0	0	1	0	0	0	0	0	0	0	0	0	0	1.0	0.0	0.0	0.0	640	360	50	0
20213	104	371	-17	350	300	300	60	60	60	60	0	0	0	0	0	1	0	0	0	0	0	0	0	0	0	0	1.0	0.0	0.0	0.0	640	360	50	0
20227	1298	-410	-29	350	300	300	60	60	60	60	0	0	0	0	0	1	0	0	0	0	0	0	0	0	0	0	1.0	0.0	0.0	0.0	640	360	50	0
20244	726	693	-29	350	300	300	60	60	60	60	0	0	0	0	0	1	0	0	0	0	0	0	0	0	0	0	1.0	0.0	0.0	0.0	640	360	50	0
20261	984	729	-29	350	300	300	60	60	60	60	0	0	0	0	0	1	0	0	0	0	0	0	0	0	0	0	1.0	0.0	0.0	0.0	640	360	50	0
20277	362	84	-29	356	300	300	60	60	60	60	0	0	0	0	0	1	0	0	0	0	0	0	0	0	0	0	1.0	-0.21568626	0.0	0.0	640	360	60	0
20294	834	564	-29	364	300	300	60	60	60	60	0	0	0	0	0	1	0	0	0	0	0	0	0	0	0	0	1.0	-0.27843136	0.0	0.0	640	360	63	0
20311	432	570	-29	382	300	300	60	60	60	60	0	0	0	0	0	1	0	0	0	0	0	0	0	0	0	0	1.0	-0.60784316	0.0	0.0	640	360	80	0
20327	1240	421	-29	406	300	300	60	60	60	60	0	0	0	0	0	1	0	0	0	0	0	0	0	0	0	0	1.0	-0.827451	0.0	0.0	640	360	91	0
20344	583	477	-29	436	300	300	60	60	60	60	0	0	0	0	0	1	0	0	0	0	0	0	0	0	0	0	1.0	-1.0	0.0	0.0	640	360	100	0
20361	850	566	-29	466	300	300	60	60	60	60	0	0	0	0	0	1	0	0	0	0	0	0	0	0	0	0	1.0	-1.0	0.0	0.0	640	360	100	0
20377	1296	461	-29	496	300	300	60	60	60	60	0	0	0	0	0	1	0	0	0	0	0	0	0	0	0	0	1.0	-1.0	0.0	0.0	640	360	100	0
20394	495	18	-29	526	300	300	60	60	60	60	0	0	0	0	0	1	0	0	0	0	0	0	0	0	0	0	1.0	-1.0	0.0	0.0	640	360	100	0
20413	1061	924	-29	556	300	300	60	60	60	60	0	0	0	0	0	1	0	0	0	0	0	0	0	0	0	0	1.0	-1.0	0.0	0.0	640	360	100	0
20430	355	-209	-29	586	300	300	60	60	60	60	0	0	0	0	0	1	0	0	0	0	0	0	0	0	0	0	1.0	-1.0	0.0	0.0	640	360	100	0
20444	570	467	-29	616	300	300	60	60	60	60	0	0	0	0	0	1	0	0	0	0	0	0	0	0	0	0	1.0	-1.0	0.0	0.0	640	360	100	0
20463	18	-102	-29	646	300	300	60	60	60	60	0	0	0	0	0	1	0	0	0	0	0	0	0	0	0	0	1.0	-1.0	0.0	0.0	640	360	100	0
20480	759	328	1	646	300	300	60	60	60	60	0	0	0	0	0	0	0	0	0	0	0	0	0	0	0	0	1.0	-1.0	0.0	0.0	640	360	100	0
20496	676	374	1	646	300	300	60	60	60	60	0	0	0	0	0	0	0	0	0	0	0	0	0	0	0	0	1.0	-1.0	0.0	0.0	640	360	100	0
20513	210	311	1	646	300	300	60	60	60	60	0	0	0	0	0	0	0	0	0	0	0	0	0	0	0	0	1.0	-1.0	0.0	0.0	640	360	100	0
20529	972	65	1	646	300	300	60	60	60	60	0	0	0	0	0	0	0	0	0	0	0	0	0	0	0	0	1.0	-1.0	0.0	0.0	640	360	100	0
20546	857	277	1	646	300	300	60	60	60	60	0	0	0	0	0	0	0	0	0	0	0	0	0	0	0	0	1.0	-1.0	0.0	0.0	640	360	100	0
20560	778	342	1	646	300	300	60	60	60	60	0	0	0	0	0	0	0	0	0	0	0	0	0	0	0	0	1.0	-1.0	0.0	0.0	640	360	100	0
20577	774	422	1	646	300	300	60	60	60	60	0	0	0	0	0	0	0	0	0	0	0	0	0	0	0	0	1.0	-1.0	0.0	0.0	640	360	100	0
20597	898	157	1	646	300	300	60	60	60	60	0	0	0	0	0	0	0	0	0	0	0	0	0	0	0	0	1.0	-1.0	0.0	0.0	640	360	100	0
20613	62	-45	1	646	300	300	60	60	60	60	0	0	0	0	0	0	0	0	0	0	0	0	0	0	0	0	1.0	-1.0	0.0	0.0	640	360	100	0
20626	1112	-414	1	646	300	300	60	60	60	60	0	0	0	0	0	0	0	0	0	0	0	0	0	0	0	0	1.0	-1.0	0.0	0.0	640	360	100	0
20643	712	344	1	646	300	300	60	60	60	60	0	0	0	0	0	0	0	0	0	0	0	0	0	0	0	0	1.0	-1.0	0.0	0.0	640	360	100	0
20663	795	22	1	646	300	300	60	60	60	60	0	0	0	0	0	0	0	0	0	0	0	0	0	0	0	0	1.0	-1.0	0.0	-0.12156862	640	360	100	6
20679	768	376	1	646	300	300	60	60	60	60	0	0	0	0	0	0	0	0	0	0	0	0	0	0	0	0	1.0	-1.0	-0.36470586	-0.62352943	640	360	100	12
20696	616	611	1	646	300	300	60	60	60	60	0	0	0	0	0	0	0	0	0	0	0	0	0	0	0	0	1.0	-1.0	-0.52156866	-0.827451	640	360	100	15
20712	879	733	1	646	300	300	60	60	60	60	0	0	0	0	0	0	0	0	0	0	0	0	0	0	0	0	1.0	-1.0	-1.0	-1.0	640	360	100	0
20730	517	336	1	646	300	300	60	60	60	60	0	0	0	0	0	0	0	0	0	0	0	0	0	0	0	0	1.0	-1.0	-1.0	-1.0	640	360	100	0
20746	383	401	1	646	300	300	60	60	60	60	0	0	0	0	0	0	0	0	0	0	0	0	0	0	0	0	1.0	-1.0	-1.0	-1.0	640	360	100	0
20763	367	549	1	646	300	300	60	60	60	60	0	0	0	0	0	0	0	0	0	0	0	0	0	0	0	0	1.0	-1.0	-1.0	-1.0	640	360	100	0
20780	444	415	1	646	300	300	60	60	60	60	0	0	0	0	0	0	0	0	0	0	0	0	0	0	0	0	1.0	-1.0	-1.0	-1.0	640	360	100	0
20795	1197	164	1	646	300	300	60	60	60	60	0	0	0	0	0	0	0	0	0	0	0	0	0	0	0	0	1.0	-1.0	-1.0	-1.0	640	360	100	0
20813	623	5	1	646	300	300	60	60	60	60	0	0	0	0	0	0	0	0	0	0	0	0	0	0	0	0	1.0	-1.0	-1.0	-1.0	640	360	100	0
20830	511	351	1	646	300	300	60	60	60	60	0	0	0	0	0	0	0	0	0	0	0	0	0	0	0	0	1.0	-1.0	-1.0	-1.0	640	360	100	0
20846	190	-285	1	646	300	300	60	60	60	60	0	0	0	0	0	0	0	0	0	0	0	0	0	0	0	0	1.0	-1.0	-1.0	-1.0	640	360	100	0
20863	725	302	1	646	300	300	60	60	60	60	0	0	0	0	0	0	0	0	0	0	0	0	0	0	0	0	1.0	-1.0	-1.0	-1.0	640	360	100	0
20880	602	38	1	646	300	300	60	60	60	60	0	0	0	0	0	0	0	0	0	0	0	0	0	0	0	0	1.0	-1.0	-1.0	-1.0	640	360	100	0
20896	1234	389	1	646	300	300	60	60	60	60	0	0	0	0	0	0	0	0	0	0	0	0	0	0	0	0	1.0	-1.0	-1.0	-1.0	640	360	100	0
20913	405	-101	1	646	300	300	60	60	60	60	0	0	0	0	0	0	0	0	0	0	0	0	0	0	0	0	1.0	-1.0	-1.0	-1.0	640	360	100	0
20930	634	484	1	646	300	300	60	60	60	60	0	0	0	0	0	0	0	0	0	0	0	0	0	0	0	0	1.0	-1.0	-1.0	-1.0	640	360	100	0
20946	1140	646	1	646	300	300	60	60	60	60	0	0	0	0	0	0	0	0	0	0	0	0	0	0	0	0	1.0	-1.0	-1.0	-1.0	640	360	100	0
20962	587	168	1	646	300	300	60	60	60	60	0	0	0	0	0	0	0	0	0	0	0	0	0	0	0	0	1.0	-1.0	-1.0	-1.0	640	360	100	0
20979	234	-371	1	646	300	300	60	60	60	60	0	0	0	0	0	0	0	0	0	0	0	0	0	0	0	0	1.0	-1.0	-1.0	-1.0	640	360	100	0
20995	864	841	1	646	300	300	60	60	60	60	0	0	0	0	0	0	0	0	0	0	0	0	0	0	0	0	1.0	-1.0	-1.0	-1.0	640	360	100	0
21013	872	629	1	646	300	300	60	60	60	60	0	0	0	0	0	0	0	0	0	0	0	0	0	0	0	0	1.0	-1.0	-1.0	-1.0	640	360	100	0
21029	586	593	1	646	300	300	60	60	60	60	0	0	0	0	0	0	0	0	0	0	0	0	0	0	0	0	1.0	-1.0	-1.0	-1.0	640	360	100	0
21047	123	937	1	646	300	300	60	60	60	60	0	0	0	0	0	0	0	0	0	0	0	0	0	0	0	0	1.0	-1.0	-1.0	-1.0	640	360	100	0
21063	749	1022	1	646	300	300	60	60	60	60	0	0	0	0	0	0	0	0	0	0	0	0	0	0	0	0	1.0	-1.0	-1.0	-1.0	640	360	100	0
21079	780	624	1	646	300	300	60	60	60	60	0	0	0	0	0	0	0	0	0	0	0	0	0	0	0	0	1.0	-1.0	-1.0	-1.0	640	360	100	0
21096	806	220	1	646	300	300	60	60	60	60	0	0	0	0	0	0	0	0	0	0	0	0	0	0	0	0	1.0	-1.0	-1.0	-1.0	640	360	100	0
21112	322	913	1	646	300	300	60	60	60	60	0	0	0	0	0	0	0	0	0	0	0	0	0	0	0	0	1.0	-1.0	-1.0	-1.0	640	360	100	0
21129	512	-252	1	646	300	300	60	60	60	60	0	0	0	0	0	0	0	0	0	0	0	0	0	0	0	0	1.0	-1.0	-1.0	-1.0	640	360	100	0
21147	843	496	1	646	300	300	60	60	60	60	0	0	0	0	0	0	0	0	0	0	0	0	0	0	0	0	1.0	-1.0	-1.0	-1.0	640	360	100	0
21163	777	344	1	646	300	300	60	60	60	60	0	0	0	0	0	0	0	0	0	0	0	0	0	0	0	0	1.0	-1.0	-1.0	-1.0	640	360	100	0
21180	734	126	1	646	300	300	60	60	60	60	0	0	0	0	0	0	0	0	0	0	0	0	0	0	0	0	1.0	-1.0	-1.0	-1.0	640	360	100	0
21196	681	176	1	646	300	300	60	60	60	60	0	0	0	0	0	0	0	0	0	0	0	0	0	0	0	0	1.0	-1.0	-1.0	-1.0	640	360	100	0
21213	605	277	1	646	300	300	60	60	60	60	0	0	0	0	0	0	0	0	0	0	0	0	0	0	0	0	1.0	-1.0	-1.0	-1.0	640	360	100	0
21229	902	164	1	646	300	300	60	60	60	60	0	0	0	0	0	0	0	0	0	0	0	0	0	0	0	0	1.0	-1.0	-1.0	-1.0	640	360	100	0
21246	251	40	1	646	300	300	60	60	60	60	0	0	0	0	0	0	0	0	0	0	0	0	0	0	0	0	1.0	-1.0	-1.0	-1.0	640	360	100	0
21263	942	440	1	646	300	300	60	60	60	60	0	0	0	0	0	0	0	0	0	0	0	0	0	0	0	0	1.0	-1.0	-1.0	-1.0	640	360	100	0
21279	982	-187	1	646	300	300	60	60	60	60	0	0	0	0	0	0	0	0	0	0	0	0	0	0	0	0	1.0	-1.0	-1.0	-1.0	640	360	100	0
21295	481	788	1	646	300	300	60	60	60	60	0	0	0	0	0	0	0	0	0	0	0	0	0	0	0	0	1.0	-1.0	-1.0	-1.0	640	360	100	0
21312	-235	284	1	646	300	300	60	60	60	60	0	0	0	0	0	0	0	0	0	0	0	0	0	0	0	0	1.0	-1.0	-1.0	-1.0	640	360	100	0
21329	1186	692	1	646	300	300	60	60	60	60	0	0	0	0	0	0	0	0	0	0	0	0	0	0	0	0	1.0	-1.0	-1.0	-1.0	640	360	100	0
21346	637	557	1	646	300	300	60	60	60	60	0	0	0	0	0	0	0	0	0	0	0	0	0	0	0	0	1.0	-1.0	-1.0	-1.0	640	360	100	0
21363	1150	-192	1	646	300	300	60	60	60	60	0	0	0	0	0	0	0	0	0	0	0	0	0	0	0	0	1.0	-1.0	-1.0	-1.0	640	360	100	0
21380	1221	296	1	646	300	300	60	60	60	60	0	0	0	0	0	0	0	0	0	0	0	0	0	0	0	0	1.0	-1.0	-1.0	-1.0	640	360	100	0
21396	699	432	1	646	300	300	60	60	60	60	0	0	0	0	0	0	0	0	0	0	0	0	0	0	0	0	1.0	-1.0	-1.0	-1.0	640	360	100	0
21411	370	784	1	646	300	300	60	60	60	60	0	0	0	0	0	0	0	0	0	0	0	0	0	0	0	0	1.0	-1.0	-1.0	-1.0	640	360	100	0
21429	317	540	1	646	300	300	60	60	60	60	0	0	0	0	0	0	0	0	0	0	0	0	0	0	0	0	1.0	-1.0	-1.0	-1.0	640	360	100	0
21446	737	654	1	646	300	300	60	60	60	60	0	0	0	0	0	0	0	0	0	0	0	0	0	0	0	0	0.75686276	-1.0	-1.0	-1.0	640	360	87	0
21462	563	1059	1	646	300	300	60	60	60	60	0	0	0	0	0	0	0	0	0	0	0	0	0	0	0	0	0.0	0.14509809	-0.45098037	-0.88235295	640	360	-8	21
21480	447	710	1	646	300	300	60	60	60	60	0	0	0	0	0	0	0	0	0	0	0	0	0	0	0	0	0.0	0.0	-0.23921567	-0.36470586	640	360	0	6
25712	414	121	1	646	300	300	60	60	60	60	0	0	0	0	0	0	0	1	0	0	0	0	0	0	0	0	0.0	0.0	0.0	0.0	640	360	0	0
25729	526	214	1	646	300	300	60	60	60	60	0	0	0	0	0	0	0	1	0	0	0	0	0	0	0	0	0.0	0.0	0.0	0.0	640	360	0	0
25745	966	402	1	646	300	300	60	60	60	60	0	0	0	0	0	0	0	1	0	0	0	0	0	0	0	0	0.0	0.0	0.0	0.0	640	360	0	0
25761	482	207	1	646	300	300	60	60	60	60	0	0	0	0	0	0	0	1	0	0	0	0	0	0	0	0	0.12156868	0.0	0.0	0.0	640	360	6	0
25779	602	805	1	646	300	300	60	60	60	60	0	0	0	0	0	0	0	1	0	0	0	0	0	0	0	0	0.27843142	-0.21568626	0.0	0.0	648	353	24	0
25795	220	226	1	646	300	300	60	60	60	60	0	0	0	0	0	0	0	1	0	0	0	0	0	0	0	0	0.3411765	-0.27843136	0.0	0.0	658	344	30	0
25812	759	380	1	646	300	300	60	60	60	60	0	0	0	0	0	0	0	1	0	0	0	0	0	0	0	0	0.5372549	-0.41176468	0.0	0.0	674	331	47	0
25829	421	172	1	646	300	300	60	60	60	60	0	0	0	0	0	0	0	1	0	0	0	0	0	0	0	0	0.69411767	-0.44313723	0.0	0.0	694	317	56	0
25845	1286	652	1	646	300	300	60	60	60	60	0	0	0	0	0	0	0	1	0	0	0	0	0	0	0	0	0.8117647	-0.46666664	0.0	0.0	718	303	63	0
25862	671	60	1	646	300	300	60	60	60	60	0	0	0	0	0	0	0	1	0	0	0	0	0	0	0	0	0.9137255	-0.4980392	0.0	0.0	745	288	70	0
25879	956	634	1	646	300	300	60	60	60	60	0	0	0	0	0	0	0	1	0	0	0	0	0	0	0	0	1.0	-0.60784316	0.0	0.0	775	269	80	0
25895	898	521	1	646	300	300	60	60	60	60	0	0	0	0	0	0	0	1	0	0	0	0	0	0	0	0	1.0	-0.64705884	0.0	0.0	805	249	82	0
25912	1349	448	1	646	300	300	60	60	60	60	0	0	0	0	0	0	0	1	0	0	0	0	0	0	0	0	1.0	-0.75686276	0.0	0.0	835	226	87	0
25929	1376	99	1	646	300	300	60	60	60	60	0	0	0	0	0	0	0	1	0	0	0	0	0	0	0	0	1.0	-0.8509804	0.0	0.0	865	200	92	0
25945	1141	680	1	646	300	300	60	60	60	60	0	0	0	0	0	0	0	1	0	0	0	0	0	0	0	0	1.0	-0.90588236	0.0	0.0	895	172	95	0
25962	693	562	1	646	300	300	60	60	60	60	0	0	0	0	0	0	0	1	0	0	0	0	0	0	0	0	1.0	-0.9137255	0.0	0.0	925	144	95	0
25978	1071	414	1	646	300	300	60	60	60	60	0	0	0	0	0	0	0	1	0	0	0	0	0	0	0	0	1.0	-0.92941177	0.0	0.0	955	116	96	0
25995	1416	-21	1	646	300	300	60	60	60	60	0	0	0	0	0	0	0	1	0	0	0	0	0	0	0	0	1.0	-0.9372549	0.0	0.0	985	87	96	0
26012	858	363	1	646	300	300	60	60	60	60	0	0	0	0	0	0	0	1	0	0	0	0	0	0	0	0	1.0	-1.0	0.0	0.0	1015	57	100	0
26028	987	319	1	646	300	300	60	60	60	60	0	0	0	0	0	0	0	1	0	0	0	0	0	0	0	0	1.0	-1.0	0.0	0.0	1045	27	100	0
26045	1234	208	1	646	300	300	60	60	60	60	0	0	0	0	0	0	0	1	0	0	0	0	0	0	0	0	1.0	-1.0	0.0	0.0	1075	-3	100	0
26062	1157	19	1	646	300	300	60	60	60	60	0	0	0	0	0	0	0	1	0	0	0	0	0	0	0	0	1.0	-1.0	0.0	0.0	1105	-30	100	0
26079	1277	261	1	646	300	300	60	60	60	60	0	0	0	0	0	0	0	1	0	0	0	0	0	0	0	0	1.0	-1.0	0.0	0.0	1135	-30	100	0
26095	815	-226	1	646	300	300	60	60	60	60	0	0	0	0	0	0	0	1	0	0	0	0	0	0	0	0	1.0	-1.0	0.0	0.0	1165	-30	100	0
26111	959	98	1	646	300	300	60	60	60	60	0	0	0	0	0	0	0	1	0	0	0	0	0	0	0	0	1.0	-1.0	0.0	0.0	1195	-30	100	0
26128	727	-184	1	646	300	300	60	60	60	60	0	0	0	0	0	0	0	1	0	0	0	0	0	0	0	0	1.0	-1.0	0.0	0.0	1225	-30	100	0
26145	1108	158	1	646	300	300	60	60	60	60	0	0	0	0	0	0	0	1	0	0	0	0	0	0	0	0	1.0	-1.0	0.0	0.0	1255	-30	100	0
26163	1359	152	1	646	300	300	60	60	60	60	0	0	0	0	0	0	0	1	0	0	0	0	0	0	0	0	1.0	-1.0	0.0	0.0	1285	-30	100	0
26180	1130	-88	1	646	300	300	60	60	60	60	0	0	0	0	0	0	0	1	0	0	0	0	0	0	0	0	1.0	-1.0	0.0	0.0	1310	-30	100	0
26194	1764	608	1	646	300	300	60	60	60	60	0	0	0	0	0	0	0	1	0	0	0	0	0	0	0	0	1.0	-1.0	0.0	0.0	1310	-30	100	0
26213	1240	307	1	646	300	300	60	60	60	60	0	0	0	0	0	0	0	1	0	0	0	0	0	0	0	0	1.0	-1.0	0.0	0.0	1310	-30	100	0
26229	1530	-144	1	646	300	300	60	60	60	60	0	0	0	0	0	0	0	1	0	0	0	0	0	0	0	0	1.0	-1.0	0.0	0.0	1310	-30	100	0
26245	1102	312	1	646	300	300	60	60	60	60	0	0	0	0	0	0	0	1	0	0	0	0	0	0	0	0	1.0	-1.0	0.0	0.0	1310	-30	100	0
26261	1151	-685	1	646	300	300	60	60	60	60	0	0	0	0	0	0	0	1	0	0	0	0	0	0	0	0	1.0	-1.0	0.0	0.0	1310	-30	100	0
26278	341	436	1	646	300	300	60	60	60	60	0	0	0	0	0	0	0	1	0	0	0	0	0	0	0	0	1.0	-1.0	0.0	0.0	1310	-30	100	0
26294	703	-232	1	646	300	300	60	60	60	60	0	0	0	0	0	0	0	1	0	0	0	0	0	0	0	0	1.0	-1.0	0.0	0.0	1310	-30	100	0
26313	1094	704	1	646	300	300	60	60	60	60	0	0	0	0	0	0	0	1	0	0	0	0	0	0	0	0	1.0	-1.0	0.0	0.0	1310	-30	100	0
26328	1212	-313	1	646	300	300	60	60	60	60	0	0	0	0	0	0	0	1	0	0	0	0	0	0	0	0	1.0	-1.0	0.0	0.0	1310	-30	100	0
26344	1575	-358	1	646	300	300	60	60	60	60	0	0	0	0	0	0	0	1	0	0	0	0	0	0	0	0	1.0	-1.0	0.0	0.0	1310	-30	100	0
26361	1713	-335	1	646	300	300	60	60	60	60	0	0	0	0	0	0	0	1	0	0	0	0	0	0	0	0	1.0	-1.0	0.0	0.0	1310	-30	100	0
26379	659	73	1	646	300	300	60	60	60	60	0	0	0	0	0	0	0	1	0	0	0	0	0	0	0	0	1.0	-1.0	0.0	0.0	1310	-30	100	0
26394	910	-197	1	646	300	300	60	60	60	60	0	0	0	0	0	0	0	1	0	0	0	0	0	0	0	0	1.0	-1.0	0.0	0.0	1310	-30	100	0
26410	1558	33	1	646	300	300	60	60	60	60	0	0	0	0	0	0	0	1	0	0	0	0	0	0	0	0	1.0	-1.0	0.0	0.0	1310	-30	100	0
26428	949	-3	1	646	300	300	60	60	60	60	0	0	0	0	0	0	0	1	0	0	0	0	0	0	0	0	1.0	-1.0	0.0	0.0	1310	-30	100	0
26445	1642	-544	1	646	300	300	60	60	60	60	0	0	0	0	0	0	0	1	0	0	0	0	0	0	0	0	1.0	-1.0	0.0	0.0	1310	-30	100	0
26463	619	-432	1	646	300	300	60	60	60	60	0	0	0	0	0	0	0	1	0	0	0	0	0	0	0	0	1.0	-1.0	0.0	0.0	1310	-30	100	0
26478	1568	1	1	646	300	300	60	60	60	60	0	0	0	0	0	0	0	1	0	0	0	0	0	0	0	0	1.0	-1.0	0.0	0.0	1310	-30	100	0
26494	923	145	1	646	300	300	60	60	60	60	0	0	0	0	0	0	0	1	0	0	0	0	0	0	0	0	1.0	-1.0	0.0	0.0	1310	-30	100	0
26511	789	-47	1	646	300	300	60	60	60	60	0	0	0	0	0	0	0	1	0	0	0	0	0	0	0	0	1.0	-1.0	0.0	0.0	1310	-30	100	0
26529	854	363	1	646	300	300	60	60	60	60	0	0	0	0	0	0	0	1	0	0	0	0	0	0	0	0	1.0	-1.0	0.0	0.0	1310	-30	100	0
26544	792	389	1	646	300	300	60	60	60	60	0	0	0	0	0	0	0	1	0	0	0	0	0	0	0	0	1.0	-1.0	0.0	0.0	1310	-30	100	0
26562	971	-303	1	646	300	300	60	60	60	60	0	0	0	0	0	0	0	1	0	0	0	0	0	0	0	0	1.0	-0.96862745	0.0	0.0	1310	-29	98	0
26577	1352	-254	1	646	300	300	60	60	60	60	0	0	0	0	0	0	0	1	0	0	0	0	0	0	0	0	1.0	-0.84313726	0.0	0.0	1310	-25	92	0
26595	1221	60	1	646	300	300	60	60	60	60	0	0	0	0	0	0	0	1	0	0	0	0	0	0	0	0	0.0	0.0	0.0	0.0	1280	0	0	0
26612	1483	388	1	646	300	300	60	60	60	60	0	0	0	0	0	0	0	1	0	0	0	0	0	0	0	0	0.0	0.0	0.0	0.0	1280	0	0	0
26629	1189	-130	1	646	300	300	60	60	60	60	0	0	0	0	0	0	0	1	0	0	0	0	0	0	0	0	0.0	0.0	0.0	0.0	1280	0	0	0
26645	908	96	1	646	300	300	60	60	60	60	0	0	0	0	0	0	0	1	0	0	0	0	0	0	0	0	0.0	0.0	0.0	0.0	1280	0	0	0
26662	1078	374	1	646	300	300	60	60	60	60	0	0	0	0	0	0	0	1	0	0	0	0	0	0	0	0	0.0	0.0	0.0	0.0	1280	0	0	0
26679	1608	-405	1	646	300	300	60	60	60	60	0	0	0	0	0	0	0	1	0	0	0	0	0	0	0	0	0.0	0.0	0.0	0.0	1280	0	0	0
26695	1345	62	1	646	300	300	60	60	60	60	0	0	0	0	0	0	0	1	0	0	0	0	0	0	0	0	0.0	0.0	0.0	0.0	1280	0	0	0
26712	946	-358	1	646	300	300	60	60	60	60	0	0	0	0	0	0	0	1	0	0	0	0	0	0	0	0	0.0	0.0	0.0	0.0	1280	0	0	0
26729	1246	-52	1	646	300	300	60	60	60	60	0	0	0	0	0	0	0	1	0	0	0	0	0	0	0	0	0.0	0.0	0.0	0.0	1280	0	0	0
26745	1724	41	1	646	300	300	60	60	60	60	0	0	0	0	0	0	0	1	0	0	0	0	0	0	0	0	0.0	0.0	0.0	0.0	1280	0	0	0
26763	893	-227	1	646	300	300	60	60	60	60	0	0	0	0	0	0	0	1	0	0	0	0	0	0	0	0	0.0	0.0	0.0	0.0	1280	0	0	0
26778	983	143	1	646	300	300	60	60	60	60	0	0	0	0	0	0	0	1	0	0	0	0	0	0	0	0	0.0	0.0	0.0	0.0	1280	0	0	0
26795	1312	-162	1	646	300	300	60	60	60	60	0	0	0	0	0	0	0	1	0	0	0	0	0	0	0	0	0.0	0.0	0.0	0.0	1280	0	0	0
26812	1000	35	1	646	300	300	60	60	60	60	0	0	0	0	0	0	0	1	0	0	0	0	0	0	0	0	0.0	0.0	0.0	0.0	1280	0	0	0
26829	1513	-359	1	646	300	300	60	60	60	60	0	0	0	0	0	0	0	1	0	0	0	0	0	0	0	0	0.0	0.0	0.0	0.0	1280	0	0	0
26845	1268	-297	1	646	300	300	60	60	60	60	0	0	0	0	0	0	0	1	0	0	0	0	0	0	0	0	0.0	0.0	0.0	0.0	1280	0	0	0
26862	1463	206	1	646	300	300	60	60	60	60	0	0	0	0	0	0	0	1	0	0	0	0	0	0	0	0	0.0	0.0	0.0	0.0	1280	0	0	0
26878	1251	-150	1	646	300	300	60	60	60	60	0	0	0	0	0	0	0	1	0	0	0	0	0	0	0	0	0.0	0.0	0.0	0.0	1280	0	0	0
26895	1441	79	1	646	300	300	60	60	60	60	0	0	0	0	0	0	0	1	0	0	0	0	0	0	0	0	0.0	0.0	0.0	0.0	1280	0	0	0
26913	1335	-85	1	646	300	300	60	60	60	60	0	0	0	0	0	0	0	1	0	0	0	0	0	0	0	0	0.0	0.0	0.0	0.0	1280	0	0	0
26928	1563	-314	1	646	300	300	60	60	60	60	0	0	0	0	0	0	0	1	0	0	0	0	0	0	0	0	0.0	0.0	0.0	0.0	1280	0	0	0
26945	720	343	1	646	300	300	60	60	60	60	0	0	0	0	0	0	0	1	0	0	0	0	0	0	0	0	0.0	0.0	0.0	0.0	1280	0	0	0
26961	1516	-22	1	646	300	300	60	60	60	60	0	0	0	0	0	0	0	1	0	0	0	0	0	0	0	0	0.0	0.0	0.0	0.0	1280	0	0	0
26979	1120	-213	1	646	300	300	60	60	60	60	0	0	0	0	0	0	0	1	0	0	0	0	0	0	0	0	0.0	0.0	0.0	0.0	1280	0	0	0
26995	1673	-9	1	646	300	300	60	60	60	60	0	0	0	0	0	0	0	1	0	0	0	0	0	0	0	0	0.0	0.0	0.0	0.0	1280	0	0	0
27010	1537	217	1	646	300	300	60	60	60	60	0	0	0	0	0	0	0	1	0	0	0	0	0	0	0	0	0.0	0.0	0.0	0.0	1280	0	0	0
27028	734	214	1	646	300	300	60	60	60	60	0	0	0	0	0	0	0	1	0	0	0	0	0	0	0	0	0.0	0.0	0.0	0.0	1280	0	0	0
27047	1179	-160	1	646	300	300	60	60	60	60	0	0	0	0	0	0	0	1	0	0	0	0	0	0	0	0	0.0	0.0	0.0	0.0	1280	0	0	0
27063	1295	-254	1	646	300	300	60	60	60	60	0	0	0	0	0	0	0	1	0	0	0	0	0	0	0	0	0.0	0.0	0.0	0.0	1280	0	0	0
27078	1287	149	1	646	300	300	60	60	60	60	0	0	0	0	0	0	0	1	0	0	0	0	0	0	0	0	0.0	0.0	0.0	0.0	1280	0	0	0
27094	1155	-47	1	646	300	300	60	60	60	60	0	0	0	0	0	0	0	1	0	0	0	0	0	0	0	0	0.0	0.0	0.0	0.0	1280	0	0	0
27113	1312	-178	1	646	300	300	60	60	60	60	0	0	0	0	0	0	0	1	0	0	0	0	0	0	0	0	0.0	0.0	0.0	0.0	1280	0	0	0
27129	1135	397	1	646	300	300	60	60	60	60	0	0	0	0	0	0	0	1	0	0	0	0	0	0	0	0	0.0	0.0	0.0	0.0	1280	0	0	0
27144	1226	-37	1	646	300	300	60	60	60	60	0	0	0	0	0	0	0	1	0	0	0	0	0	0	0	0	0.0	0.12941182	0.0	0.0	1280	0	-7	0
27161	1149	1	1	646	300	300	60	60	60	60	0	0	0	0	0	0	0	1	0	0	0	0	0	0	0	0	0.0	0.32549024	0.0	0.0	1280	9	-17	0
27181	1554	477	1	646	300	300	60	60	60	60	0	0	0	0	0	0	0	1	0	0	0	0	0	0	0	0	0.0	0.45098042	0.0	0.0	1280	22	-23	0
27196	1460	-185	1	646	300	300	60	60	60	60	0	0	0	0	0	0	0	1	0	0	0	0	0	0	0	0	0.0	0.5921569	0.0	0.0	1280	39	-30	0
27211	1377	531	1	646	300	300	60	60	60	60	0	0	0	0	0	0	0	1	0	0	0	0	0	0	0	0	0.0	0.73333335	0.0	0.0	1280	61	-37	0
27231	1598	40	1	646	300	300	60	60	60	60	0	0	0	0	0	0	0	1	0	0	0	0	0	0	0	0	0.0	0.9137255	0.0	0.0	1280	88	-46	0
27246	1305	-453	1	646	300	300	60	60	60	60	0	0	0	0	0	0	0	1	0	0	0	0	0	0	0	0	0.0	0.99215686	0.0	0.0	1280	117	-50	0
27261	1746	58	1	646	300	300	60	60	60	60	0	0	0	0	0	0	0	1	0	0	0	0	0	0	0	0	0.0	1.0	0.0	0.0	1280	147	-50	0
27279	1371	481	1	646	300	300	60	60	60	60	0	0	0	0	0	0	0	1	0	0	0	0	0	0	0	0	0.0	1.0	0.0	0.0	1280	177	-50	0
27297	1611	205	1	646	300	300	60	60	60	60	0	0	0	0	0	0	0	1	0	0	0	0	0	0	0	0	0.0	1.0	0.0	0.0	1280	207	-50	0
27314	1679	664	1	646	300	300	60	60	60	60	0	0	0	0	0	0	0	1	0	0	0	0	0	0	0	0	0.0	1.0	0.0	0.0	1280	237	-50	0
27329	1506	296	1	646	300	300	60	60	60	60	0	0	0	0	0	0	0	1	0	0	0	0	0	0	0	0	0.0	1.0	0.0	0.0	1280	267	-50	0
27344	1449	617	1	646	300	300	60	60	60	60	0	0	0	0	0	0	0	1	0	0	0	0	0	0	0	0	0.0	1.0	0.0	0.0	1280	297	-50	0
27363	1200	-211	1	646	300	300	60	60	60	60	0	0	0	0	0	0	0	1	0	0	0	0	0	0	0	0	0.0	1.0	0.0	0.0	1280	327	-50	0
27377	1003	359	1	646	300	300	60	60	60	60	0	0	0	0	0	0	0	1	0	0	0	0	0	0	0	0	0.0	1.0	0.0	0.0	1280	357	-50	0
27397	1532	399	1	646	300	300	60	60	60	60	0	0	0	0	0	0	0	1	0	0	0	0	0	0	0	0	0.0	1.0	0.0	0.0	1280	387	-50	0
27412	730	329	1	646	300	300	60	60	60	60	0	0	0	0	0	0	0	1	0	0	0	0	0	0	0	0	0.0	1.0	0.0	0.0	1280	417	-50	0
27429	1447	948	1	646	300	300	60	60	60	60	0	0	0	0	0	0	0	1	0	0	0	0	0	0	0	0	0.0	1.0	0.0	0.0	1280	447	-50	0
27447	943	134	1	646	300	300	60	60	60	60	0	0	0	0	0	0	0	1	0	0	0	0	0	0	0	0	0.0	1.0	0.0	0.0	1280	477	-50	0
27463	1359	896	1	646	300	300	60	60	60	60	0	0	0	0	0	0	0	1	0	0	0	0	0	0	0	0	0.0	1.0	0.0	0.0	1280	507	-50	0
27480	1527	474	1	646	300	300	60	60	60	60	0	0	0	0	0	0	0	1	0	0	0	0	0	0	0	0	0.0	1.0	0.0	0.0	1280	537	-50	0
27497	1295	329	1	646	300	300	60	60	60	60	0	0	0	0	0	0	0	1	0	0	0	0	0	0	0	0	0.0	1.0	0.0	0.0	1280	567	-50	0
27511	1709	-64	1	646	300	300	60	60	60	60	0	0	0	0	0	0	0	1	0	0	0	0	0	0	0	0	0.0	1.0	0.0	0.0	1280	597	-50	0
27530	1778	763	1	646	300	300	60	60	60	60	0	0	0	0	0	0	0	1	0	0	0	0	0	0	0	0	0.0	1.0	0.0	0.0	1280	627	-50	0
27546	1210	936	1	646	300	300	60	60	60	60	0	0	0	0	0	0	0	1	0	0	0	0	0	0	0	0	0.0	1.0	0.0	0.0	1280	657	-50	0
27561	1978	524	1	646	300	300	60	60	60	60	0	0	0	0	0	0	0	1	0	0	0	0	0	0	0	0	0.0	1.0	0.0	0.0	1280	687	-50	0
27579	1236	518	1	646	300	300	60	60	60	60	0	0	0	0	0	0	0	1	0	0	0	0	0	0	0	0	0.0	1.0	0.0	0.0	1280	717	-50	0
27597	1025	814	1	646	300	300	60	60	60	60	0	0	0	0	0	0	0	1	0	0	0	0	0	0	0	0	-0.30196077	1.0	0.0	0.0	1270	747	-66	0
27614	1335	814	1	646	300	300	60	60	60	60	0	0	0	0	0	0	0	1	0	0	0	0	0	0	0	0	-0.36470586	1.0	0.0	0.0	1259	750	-69	0
27630	1624	502	1	646	300	300	60	60	60	60	0	0	0	0	0	0	0	1	0	0	0	0	0	0	0	0	-0.654902	1.0	0.0	0.0	1239	750	-83	0
27646	831	1030	1	646	300	300	60	60	60	60	0	0	0	0	0	0	0	1	0	0	0	0	0	0	0	0	-0.8117647	1.0	0.0	0.0	1214	750	-91	0
27663	759	731	1	646	300	300	60	60	60	60	0	0	0	0	0	0	0	1	0	0	0	0	0	0	0	0	-1.0	1.0	0.0	0.0	1184	750	-100	0
27680	1482	802	1	646	300	300	60	60	60	60	0	0	0	0	0	0	0	1	0	0	0	0	0	0	0	0	-1.0	1.0	0.0	0.0	1154	750	-100	0
27696	979	1119	1	646	300	300	60	60	60	60	0	0	0	0	0	0	0	1	0	0	0	0	0	0	0	0	-1.0	1.0	0.0	0.0	1124	750	-100	0
27713	1401	836	1	646	300	300	60	60	60	60	0	0	0	0	0	0	0	1	0	0	0	0	0	0	0	0	-1.0	1.0	0.0	0.0	1094	750	-100	0
27729	1165	553	1	646	300	300	60	60	60	60	0	0	0	0	0	0	0	1	0	0	0	0	0	0	0	0	-1.0	1.0	0.0	0.0	1064	750	-100	0
27747	924	1264	1	646	300	300	60	60	60	60	0	0	0	0	0	0	0	1	0	0	0	0	0	0	0	0	-1.0	1.0	0.0	0.0	1034	750	-100	0
27763	922	493	1	646	300	300	60	60	60	60	0	0	0	0	0	0	0	1	0	0	0	0	0	0	0	0	-1.0	1.0	0.0	0.0	1004	750	-100	0
27780	1854	288	1	646	300	300	60	60	60	60	0	0	0	0	0	0	0	1	0	0	0	0	0	0	0	0	-1.0	1.0	0.0	0.0	974	750	-100	0
27797	563	700	1	646	300	300	60	60	60	60	0	0	0	0	0	0	0	1	0	0	0	0	0	0	0	0	-1.0	1.0	0.0	0.0	944	750	-100	0
27813	1420	595	1	646	300	300	60	60	60	60	0	0	0	0	0	0	0	1	0	0	0	0	0	0	0	0	-1.0	1.0	0.0	0.0	914	750	-100	0
27830	577	1231	1	646	300	300	60	60	60	60	0	0	0	0	0	0	0	1	0	0	0	0	0	0	0	0	-1.0	1.0	0.0	0.0	884	750	-100	0
27846	798	586	1	646	300	300	60	60	60	60	0	0	0	0	0	0	0	1	0	0	0	0	0	0	0	0	-1.0	1.0	0.0	0.0	854	750	-100	0
27863	1134	923	1	646	300	300	60	60	60	60	0	0	0	0	0	0	0	1	0	0	0	0	0	0	0	0	-1.0	1.0	0.0	0.0	824	750	-100	0
27879	552	757	1	646	300	300	60	60	60	60	0	0	0	0	0	0	0	1	0	0	0	0	0	0	0	0	-1.0	1.0	0.0	0.0	794	750	-100	0
27896	920	909	1	646	300	300	60	60	60	60	0	0	0	0	0	0	0	1	0	0	0	0	0	0	0	0	-1.0	1.0	0.0	0.0	764	750	-100	0
27913	940	1046	1	646	300	300	60	60	60	60	0	0	0	0	0	0	0	1	0	0	0	0	0	0	0	0	-1.0	1.0	0.0	0.0	734	750	-100	0
27930	921	720	1	646	300	300	60	60	60	60	0	0	0	0	0	0	0	1	0	0	0	0	0	0	0	0	-1.0	1.0	0.0	0.0	704	750	-100	0
27944	958	871	1	646	300	300	60	60	60	60	0	0	0	0	0	0	0	1	0	0	0	0	0	0	0	0	-1.0	1.0	0.0	0.0	674	750	-100	0
27963	661	135	1	646	300	300	60	60	60	60	0	0	0	0	0	0	0	1	0	0	0	0	0	0	0	0	-1.0	1.0	0.0	0.0	644	750	-100	0
27980	256	714	1	646	300	300	60	60	60	60	0	0	0	0	0	0	0	1	0	0	0	0	0	0	0	0	-1.0	1.0	0.0	0.0	614	750	-100	0
27996	711	1518	1	646	300	300	60	60	60	60	0	0	0	0	0	0	0	1	0	0	0	0	0	0	0	0	-1.0	1.0	0.0	0.0	584	750	-100	0
28013	598	509	1	646	300	300	60	60	60	60	0	0	0	0	0	0	0	1	0	0	0	0	0	0	0	0	-1.0	1.0	0.0	0.0	554	750	-100	0
28030	629	199	1	646	300	300	60	60	60	60	0	0	0	0	0	0	0	1	0	0	0	0	0	0	0	0	-1.0	1.0	0.0	0.0	524	750	-100	0
28046	-113	666	1	646	300	300	60	60	60	60	0	0	0	0	0	0	0	1	0	0	0	0	0	0	0	0	-1.0	1.0	0.0	0.0	494	750	-100	0
28062	206	798	1	646	300	300	60	60	60	60	0	0	0	0	0	0	0	1	0	0	0	0	0	0	0	0	-1.0	1.0	0.0	0.0	464	750	-100	0
28081	38	796	1	646	300	300	60	60	60	60	0	0	0	0	0	0	0	1	0	0	0	0	0	0	0	0	-1.0	1.0	0.0	0.0	434	750	-100	0
28095	501	741	1	646	300	300	60	60	60	60	0	0	0	0	0	0	0	1	0	0	0	0	0	0	0	0	-1.0	1.0	0.0	0.0	404	750	-100	0
28113	618	666	1	646	300	300	60	60	60	60	0	0	0	0	0	0	0	1	0	0	0	0	0	0	0	0	-1.0	1.0	0.0	0.0	374	750	-100	0
28129	1037	788	1	646	300	300	60	60	60	60	0	0	0	0	0	0	0	1	0	0	0	0	0	0	0	0	-1.0	1.0	0.0	0.0	344	750	-100	0
28146	165	1154	1	646	300	300	60	60	60	60	0	0	0	0	0	0	0	1	0	0	0	0	0	0	0	0	-1.0	1.0	0.0	0.0	314	750	-100	0
28161	587	545	1	646	300	300	60	60	60	60	0	0	0	0	0	0	0	1	0	0	0	0	0	0	0	0	-1.0	1.0	0.0	0.0	284	750	-100	0
28179	499	907	1	646	300	300	60	60	60	60	0	0	0	0	0	0	0	1	0	0	0	0	0	0	0	0	-1.0	0.9372549	0.0	0.0	254	748	-97	0
28195	297	949	1	646	300	300	60	60	60	60	0	0	0	0	0	0	0	1	0	0	0	0	0	0	0	0	-1.0	0.8509804	0.0	0.0	224	745	-93	0
28214	380	1119	1	646	300	300	60	60	60	60	0	0	0	0	0	0	0	1	0	0	0	0	0	0	0	0	-1.0	0.77254903	0.0	0.0	194	743	-89	0
28228	296	470	1	646	300	300	60	60	60	60	0	0	0	0	0	0	0	1	0	0	0	0	0	0	0	0	-1.0	0.75686276	0.0	0.0	164	742	-88	0
28247	-119	323	1	646	300	300	60	60	60	60	0	0	0	0	0	0	0	1	0	0	0	0	0	0	0	0	-1.0	0.75686276	0.0	0.0	134	742	-88	0
28263	61	703	1	646	300	300	60	60	60	60	0	0	0	0	0	0	0	1	0	0	0	0	0	0	0	0	-1.0	0.75686276	0.0	0.0	104	742	-88	0
28280	206	840	1	646	300	300	60	60	60	60	0	0	0	0	0	0	0	1	0	0	0	0	0	0	0	0	-1.0	0.75686276	0.0	0.0	74	742	-88	0
28296	131	455	1	646	300	300	60	60	60	60	0	0	0	0	0	0	0	1	0	0	0	0	0	0	0	0	-1.0	0.75686276	0.0	0.0	44	742	-88	0
28313	-126	195	1	646	300	300	60	60	60	60	0	0	0	0	0	0	0	1	0	0	0	0	0	0	0	0	-1.0	0.7490196	0.0	0.0	14	742	-88	0
28328	-633	239	1	646	300	300	60	60	60	60	0	0	0	0	0	0	0	1	0	0	0	0	0	0	0	0	-1.0	0.64705884	0.0	0.0	-16	739	-83	0
28347	-218	-121	1	646	300	300	60	60	60	60	0	0	0	0	0	0	0	1	0	0	0	0	0	0	0	0	-1.0	0.5764706	0.0	0.0	-30	737	-79	0
28361	-12	1015	1	646	300	300	60	60	60	60	0	0	0	0	0	0	0	1	0	0	0	0	0	0	0	0	-1.0	0.254902	0.0	0.0	-30	727	-63	0
28380	-86	755	1	646	300	300	60	60	60	60	0	0	0	0	0	0	0	1	0	0	0	0	0	0	0	0	-1.0	0.0	0.0	0.0	-30	720	-50	0
28396	-178	814	1	646	300	300	60	60	60	60	0	0	0	0	0	0	0	1	0	0	0	0	0	0	0	0	-0.94509804	-0.36470586	0.0	0.0	-28	709	-30	0
28413	22	497	1	646	300	300	60	60	60	60	0	0	0	0	0	0	0	1	0	0	0	0	0	0	0	0	-0.7490196	-0.6784314	0.0	0.0	-22	688	-4	0
28430	306	1069	1	646	300	300	60	60	60	60	0	0	0	0	0	0	0	1	0	0	0	0	0	0	0	0	-0.5372549	-0.9529412	0.0	0.0	-16	659	20	0
28445	311	543	1	646	300	300	60	60	60	60	0	0	0	0	0	0	0	1	0	0	0	0	0	0	0	0	-0.46666664	-1.0	0.0	0.0	-13	629	26	0
28463	-78	398	1	646	300	300	60	60	60	60	0	0	0	0	0	0	0	1	0	0	0	0	0	0	0	0	-0.4588235	-1.0	0.0	0.0	-13	599	27	0
28479	-234	592	1	646	300	300	60	60	60	60	0	0	0	0	0	0	0	1	0	0	0	0	0	0	0	0	-0.4588235	-1.0	0.0	0.0	-13	569	27	0
28497	26	183	1	646	300	300	60	60	60	60	0	0	0	0	0	0	0	1	0	0	0	0	0	0	0	0	-0.4588235	-1.0	0.0	0.0	-13	539	27	0
28513	-22	221	1	646	300	300	60	60	60	60	0	0	0	0	0	0	0	1	0	0	0	0	0	0	0	0	-0.4588235	-1.0	0.0	0.0	-13	509	27	0
28529	85	7	1	646	300	300	60	60	60	60	0	0	0	0	0	0	0	1	0	0	0	0	0	0	0	0	-0.4588235	-1.0	0.0	0.0	-13	479	27	0
28546	-180	333	1	646	300	300	60	60	60	60	0	0	0	0	0	0	0	1	0	0	0	0	0	0	0	0	-0.4588235	-1.0	0.0	0.0	-13	449	27	0
28563	172	62	1	646	300	300	60	60	60	60	0	0	0	0	0	0	0	1	0	0	0	0	0	0	0	0	-0.4588235	-1.0	0.0	0.0	-13	419	27	0
28580	443	155	1	646	300	300	60	60	60	60	0	0	0	0	0	0	0	1	0	0	0	0	0	0	0	0	-0.4588235	-1.0	0.0	0.0	-13	389	27	0
28596	-245	487	1	646	300	300	60	60	60	60	0	0	0	0	0	0	0	1	0	0	0	0	0	0	0	0	-0.4588235	-1.0	0.0	0.0	-13	359	27	0
28613	168	760	1	646	300	300	60	60	60	60	0	0	0	0	0	0	0	1	0	0	0	0	0	0	0	0	-0.4588235	-1.0	0.0	0.0	-13	329	27	0
28629	-275	329	1	646	300	300	60	60	60	60	0	0	0	0	0	0	0	1	0	0	0	0	0	0	0	0	-0.4588235	-1.0	0.0	0.0	-13	299	27	0
28646	-525	247	1	646	300	300	60	60	60	60	0	0	0	0	0	0	0	1	0	0	0	0	0	0	0	0	-0.4588235	-1.0	0.0	0.0	-13	269	27	0
28663	450	735	1	646	300	300	60	60	60	60	0	0	0	0	0	0	0	1	0	0	0	0	0	0	0	0	-0.44313723	-1.0	0.0	0.0	-13	239	27	0
28680	159	686	1	646	300	300	60	60	60	60	0	0	0	0	0	0	0	1	0	0	0	0	0	0	0	0	-0.41176468	-1.0	0.0	0.0	-12	209	29	0
28696	-150	514	1	646	300	300	60	60	60	60	0	0	0	0	0	0	0	1	0	0	0	0	0	0	0	0	-0.17647058	-1.0	0.0	0.0	-5	179	41	0
28713	-434	94	1	646	300	300	60	60	60	60	0	0	0	0	0	0	0	1	0	0	0	0	0	0	0	0	0.0	-1.0	0.0	0.0	0	149	50	0
28729	-254	-287	1	646	300	300	60	60	60	60	0	0	0	0	0	0	0	1	0	0	0	0	0	0	0	0	0.52156866	-0.96862745	0.0	0.0	15	119	74	0
28746	-68	9	1	646	300	300	60	60	60	60	0	0	0	0	0	0	0	1	0	0	0	0	0	0	0	0	0.7019608	-0.8745098	0.0	0.0	36	92	78	0
28762	-10	358	1	646	300	300	60	60	60	60	0	0	0	0	0	0	0	1	0	0	0	0	0	0	0	0	1.0	-0.7647059	0.0	0.0	66	69	88	0
28779	58	50	1	646	300	300	60	60	60	60	0	0	0	0	0	0	0	1	0	0	0	0	0	0	0	0	1.0	-0.7647059	0.0	0.0	96	46	88	0
28795	350	-116	1	646	300	300	60	60	60	60	0	0	0	0	0	0	0	1	0	0	0	0	0	0	0	0	1.0	-0.7647059	0.0	0.0	126	23	88	0
28812	-128	-116	1	646	300	300	60	60	60	60	0	0	0	0	0	0	0	1	0	0	0	0	0	0	0	0	1.0	-0.7647059	0.0	0.0	156	0	88	0
28829	405	279	1	646	300	300	60	60	60	60	0	0	0	0	0	0	0	1	0	0	0	0	0	0	0	0	1.0	-0.7647059	0.0	0.0	186	-22	88	0
28845	-112	449	1	646	300	300	60	60	60	60	0	0	0	0	0	0	0	1	0	0	0	0	0	0	0	0	1.0	-0.81960785	0.0	0.0	216	-24	90	0
28862	195	-54	1	646	300	300	60	60	60	60	0	0	0	0	0	0	0	1	0	0	0	0	0	0	0	0	1.0	-0.9137255	0.0	0.0	246	-27	95	0
28880	631	494	1	646	300	300	60	60	60	60	0	0	0	0	0	0	0	1	0	0	0	0	0	0	0	0	1.0	-1.0	0.0	0.0	276	-30	100	0
28895	-32	-151	1	646	300	300	60	60	60	60	0	0	0	0	0	0	0	1	0	0	0	0	0	0	0	0	1.0	-1.0	0.0	0.0	306	-30	100	0
28912	857	283	1	646	300	300	60	60	60	60	0	0	0	0	0	0	0	1	0	0	0	0	0	0	0	0	1.0	-1.0	0.0	0.0	336	-30	100	0
28929	748	298	1	646	300	300	60	60	60	60	0	0	0	0	0	0	0	1	0	0	0	0	0	0	0	0	1.0	-1.0	0.0	0.0	366	-30	100	0
28946	845	220	1	646	300	300	60	60	60	60	0	0	0	0	0	0	0	1	0	0	0	0	0	0	0	0	1.0	-1.0	0.0	0.0	396	-30	100	0
28962	412	512	1	646	300	300	60	60	60	60	0	0	0	0	0	0	0	1	0	0	0	0	0	0	0	0	1.0	-1.0	0.0	0.0	426	-30	100	0
28978	715	349	1	646	300	300	60	60	60	60	0	0	0	0	0	0	0	1	0	0	0	0	0	0	0	0	1.0	-1.0	0.0	0.0	456	-30	100	0
28995	742	63	1	646	300	300	60	60	60	60	0	0	0	0	0	0	0	1	0	0	0	0	0	0	0	0	1.0	-0.96862745	0.0	0.0	486	-29	98	0
29013	137	180	1	646	300	300	60	60	60	60	0	0	0	0	0	0	0	1	0	0	0	0	0	0	0	0	1.0	-0.84313726	0.0	0.0	516	-25	92	0
29028	304	-223	1	646	300	300	60	60	60	60	0	0	0	0	0	0	0	1	0	0	0	0	0	0	0	0	1.0	-0.79607844	0.0	0.0	546	-23	89	0
29045	1069	-160	1	646	300	300	60	60	60	60	0	0	0	0	0	0	0	1	0	0	0	0	0	0	0	0	1.0	-0.78039217	0.0	0.0	576	-23	89	0
29062	730	111	1	646	300	300	60	60	60	60	0	0	0	0	0	0	0	1	0	0	0	0	0	0	0	0	1.0	-0.62352943	0.0	0.0	606	-18	81	0
29079	475	-102	1	646	300	300	60	60	60	60	0	0	0	0	0	0	0	1	0	0	0	0	0	0	0	0	1.0	-0.5372549	0.0	0.0	636	-16	76	0
29095	472	-306	1	646	300	300	60	60	60	60	0	0	0	0	0	0	0	1	0	0	0	0	0	0	0	0	1.0	-0.4352941	0.0	0.0	666	-13	71	0
29112	571	153	1	646	300	300	60	60	60	60	0	0	0	0	0	0	0	1	0	0	0	0	0	0	0	0	1.0	-0.41176468	0.0	0.0	696	-12	70	0
29128	629	-344	1	646	300	300	60	60	60	60	0	0	0	0	0	0	0	1	0	0	0	0	0	0	0	0	1.0	-0.35686272	0.0	0.0	726	-10	67	0
29145	784	-233	1	646	300	300	60	60	60	60	0	0	0	0	0	0	0	1	0	0	0	0	0	0	0	0	1.0	-0.3490196	0.0	0.0	756	-10	67	0
29163	355	-164	1	646	300	300	60	60	60	60	0	0	0	0	0	0	0	1	0	0	0	0	0	0	0	0	1.0	-0.3490196	0.0	0.0	786	-10	67	0
29178	1174	-157	1	646	300	300	60	60	60	60	0	0	0	0	0	0	0	1	0	0	0	0	0	0	0	0	1.0	-0.3490196	0.0	0.0	816	-10	67	0
29194	599	-125	1	646	300	300	60	60	60	60	0	0	0	0	0	0	0	1	0	0	0	0	0	0	0	0	1.0	-0.30196077	0.0	0.0	846	-9	65	0
29211	938	-145	1	646	300	300	60	60	60	60	0	0	0	0	0	0	0	1	0	0	0	0	0	0	0	0	1.0	-0.29411763	0.0	0.0	876	-8	64	0
29229	684	-10	1	646	300	300	60	60	60	60	0	0	0	0	0	0	0	1	0	0	0	0	0	0	0	0	1.0	-0.29411763	0.0	0.0	906	-8	64	0
29244	1041	-294	1	646	300	300	60	60	60	60	0	0	0	0	0	0	0	1	0	0	0	0	0	0	0	0	1.0	-0.29411763	0.0	0.0	936	-8	64	0
29261	1103	-513	1	646	300	300	60	60	60	60	0	0	0	0	0	0	0	1	0	0	0	0	0	0	0	0	1.0	-0.26274508	0.0	0.0	966	-7	63	0
29278	1161	168	1	646	300	300	60	60	60	60	0	0	0	0	0	0	0	1	0	0	0	0	0	0	0	0	1.0	-0.2235294	0.0	0.0	996	-6	61	0
29295	1478	505	1	646	300	300	60	60	60	60	0	0	0	0	0	0	0	1	0	0	0	0	0	0	0	0	1.0	-0.2235294	0.0	0.0	1026	-6	61	0
29313	1127	101	1	646	300	300	60	60	60	60	0	0	0	0	0	0	0	1	0	0	0	0	0	0	0	0	1.0	-0.2235294	0.0	0.0	1056	-6	61	0
29328	1078	-157	1	646	300	300	60	60	60	60	0	0	0	0	0	0	0	1	0	0	0	0	0	0	0	0	1.0	-0.2235294	0.0	0.0	1086	-6	61	0
29344	1068	-221	1	646	300	300	60	60	60	60	0	0	0	0	0	0	0	1	0	0	0	0	0	0	0	0	1.0	-0.2235294	0.0	0.0	1116	-6	61	0
29361	1391	301	1	646	300	300	60	60	60	60	0	0	0	0	0	0	0	1	0	0	0	0	0	0	0	0	1.0	-0.17647058	0.0	0.0	1146	-5	58	0
29379	1648	462	1	646	300	300	60	60	60	60	0	0	0	0	0	0	0	1	0	0	0	0	0	0	0	0	1.0	0.0	0.0	0.0	1176	0	50	0
29394	1620	17	1	646	300	300	60	60	60	60	0	0	0	0	0	0	0	1	0	0	0	0	0	0	0	0	1.0	0.0	0.0	0.0	1206	0	50	0
29413	1175	365	1	646	300	300	60	60	60	60	0	0	0	0	0	0	0	1	0	0	0	0	0	0	0	0	1.0	0.0	0.0	0.0	1236	0	50	0
29429	1039	-389	1	646	300	300	60	60	60	60	0	0	0	0	0	0	0	1	0	0	0	0	0	0	0	0	1.0	0.0	0.0	0.0	1266	0	50	0
29444	1458	-456	1	646	300	300	60	60	60	60	0	0	0	0	0	0	0	1	0	0	0	0	0	0	0	0	0.96862745	0.0	0.0	0.0	1295	0	48	0
29462	1119	335	1	646	300	300	60	60	60	60	0	0	0	0	0	0	0	1	0	0	0	0	0	0	0	0	0.0	0.0	0.0	0.0	1280	0	0	0
29477	903	47	1	646	300	300	60	60	60	60	0	0	0	0	0	0	0	1	0	0	0	0	0	0	0	0	-0.12156862	0.0	0.0	0.0	1280	0	-7	0
29496	1173	274	1	646	300	300	60	60	60	60	0	0	0	0	0	0	0	1	0	0	0	0	0	0	0	0	-0.4980392	0.0	0.0	0.0	1265	0	-25	0
29512	1197	55	1	646	300	300	60	60	60	60	0	0	0	0	0	0	0	1	0	0	0	0	0	0	0	0	-1.0	0.0	0.0	0.0	1235	0	-50	0
29529	1136	109	1	646	300	300	60	60	60	60	0	0	0	0	0	0	0	1	0	0	0	0	0	0	0	0	-1.0	0.0	0.0	0.0	1205	0	-50	0
29544	1366	44	1	646	300	300	60	60	60	60	0	0	0	0	0	0	0	1	0	0	0	0	0	0	0	0	-1.0	0.0	0.0	0.0	1175	0	-50	0
29562	1466	-171	1	646	300	300	60	60	60	60	0	0	0	0	0	0	0	1	0	0	0	0	0	0	0	0	-1.0	0.0	0.0	0.0	1145	0	-50	0
29579	1333	-347	1	646	300	300	60	60	60	60	0	0	0	0	0	0	0	1	0	0	0	0	0	0	0	0	-1.0	0.0	0.0	0.0	1115	0	-50	0
29596	1105	225	1	646	300	300	60	60	60	60	0	0	0	0	0	0	0	1	0	0	0	0	0	0	0	0	-1.0	0.0	0.0	0.0	1085	0	-50	0
29612	1102	-269	1	646	300	300	60	60	60	60	0	0	0	0	0	0	0	1	0	0	0	0	0	0	0	0	-0.9607843	0.0	0.0	0.0	1056	0	-49	0
29628	965	-360	1	646	300	300	60	60	60	60	0	0	0	0	0	0	0	1	0	0	0	0	0	0	0	0	-0.9137255	0.0	0.0	0.0	1028	0	-46	0
29645	938	-519	1	646	300	300	60	60	60	60	0	0	0	0	0	0	0	1	0	0	0	0	0	0	0	0	-0.90588236	0.0	0.0	0.0	1000	0	-46	0
29661	946	23	1	646	300	300	60	60	60	60	0	0	0	0	0	0	0	1	0	0	0	0	0	0	0	0	-0.90588236	0.0	0.0	0.0	972	0	-46	0
29678	1352	-171	1	646	300	300	60	60	60	60	0	0	0	0	0	0	0	1	0	0	0	0	0	0	0	0	-0.90588236	0.0	0.0	0.0	944	0	-46	0
29695	1380	386	1	646	300	300	60	60	60	60	0	0	0	0	0	0	0	1	0	0	0	0	0	0	0	0	-0.90588236	0.0	0.0	0.0	916	0	-46	0
29712	764	21	1	646	300	300	60	60	60	60	0	0	0	0	0	0	0	1	0	0	0	0	0	0	0	0	-0.73333335	0.12941182	0.0	0.0	894	0	-44	0
29729	770	-224	1	646	300	300	60	60	60	60	0	0	0	0	0	0	0	1	0	0	0	0	0	0	0	0	-0.49019605	0.14509809	0.0	0.0	879	0	-32	0
29744	1114	-293	1	646	300	300	60	60	60	60	0	0	0	0	0	0	0	1	0	0	0	0	0	0	0	0	-0.19999999	0.14509809	0.0	0.0	873	0	-18	0
29762	724	170	1	646	300	300	60	60	60	60	0	0	0	0	0	0	0	1	0	0	0	0	0	0	0	0	0.0	0.0	0.0	0.0	873	0	0	0
29778	585	722	1	646	300	300	60	60	60	60	0	0	0	0	0	0	0	1	0	0	0	0	0	0	0	0	0.0	0.0	0.0	0.0	873	0	0	0
29796	211	349	1	646	300	300	60	60	60	60	0	0	0	0	0	0	0	1	0	0	0	0	0	0	0	0	0.0	0.0	0.0	0.0	873	0	0	0
29813	790	108	1	646	300	300	60	60	60	60	0	0	0	0	0	0	0	1	0	0	0	0	0	0	0	0	0.0	0.0	0.0	0.0	873	0	0	0
29828	921	358	1	646	300	300	60	60	60	60	0	0	0	0	0	0	0	1	0	0	0	0	0	0	0	0	0.0	0.0	0.0	0.0	873	0	0	0
29844	902	133	1	646	300	300	60	60	60	60	0	0	0	0	0	0	0	1	0	0	0	0	0	0	0	0	0.0	0.0	0.0	0.0	873	0	0	0
29862	1763	427	1	646	300	300	60	60	60	60	0	0	0	0	0	0	0	1	0	0	0	0	0	0	0	0	0.0	0.0	0.0	0.0	873	0	0	0
29878	1186	186	1	646	300	300	60	60	60	60	0	0	0	0	0	0	0	1	0	0	0	0	0	0	0	0	0.0	0.0	0.0	0.0	873	0	0	0
29895	1021	106	1	646	300	300	60	60	60	60	0	0	0	0	0	0	0	1	0	0	0	0	0	0	0	0	0.0	0.0	0.0	0.0	873	0	0	0
29912	1176	-123	1	646	300	300	60	60	60	60	0	0	0	0	0	0	0	1	0	0	0	0	0	0	0	0	0.0	0.0	0.0	0.0	873	0	0	0
29928	778	-10	1	646	300	300	60	60	60	60	0	0	0	0	0	0	0	1	0	0	0	0	0	0	0	0	0.0	0.0	0.0	0.0	873	0	0	0
29945	1693	119	1	646	300	300	60	60	60	60	0	0	0	0	0	0	0	1	0	0	0	0	0	0	0	0	0.0	0.0	0.0	0.0	873	0	0	0
29961	1335	366	1	646	300	300	60	60	60	60	0	0	0	0	0	0	0	1	0	0	0	0	0	0	0	0	0.0	0.0	0.0	0.0	873	0	0	0
29979	1556	-122	1	646	300	300	60	60	60	60	0	0	0	0	0	0	0	1	0	0	0	0	0	0	0	0	0.0	0.0	0.0	0.0	873	0	0	0
29995	619	259	1	646	300	300	60	60	60	60	0	0	0	0	0	0	0	1	0	0	0	0	0	0	0	0	0.0	0.0	0.0	0.0	873	0	0	0
30011	992	-541	1	646	300	300	60	60	60	60	0	0	0	0	0	0	0	1	0	0	0	0	0	0	0	0	0.0	0.0	0.0	0.0	873	0	0	0
30028	917	125	1	646	300	300	60	60	60	60	0	0	0	0	0	0	0	1	0	0	0	0	0	0	0	0	0.0	0.0	0.0	0.0	873	0	0	0
30045	653	48	1	646	300	300	60	60	60	60	0	0	0	0	0	0	0	1	0	0	0	0	0	0	0	0	-0.12156862	0.0	0.0	0.0	873	0	-7	0
30062	1206	-149	1	646	300	300	60	60	60	60	0	0	0	0	0	0	0	1	0	0	0	0	0	0	0	0	-0.19215685	0.0	0.0	0.0	867	0	-10	0
30077	822	506	1	646	300	300	60	60	60	60	0	0	0	0	0	0	0	1	0	0	0	0	0	0	0	0	-0.6392157	0.19215691	0.0	0.0	847	5	-42	0
30095	420	745	1	646	300	300	60	60	60	60	0	0	0	0	0	0	0	1	0	0	0	0	0	0	0	0	-0.78039217	0.254902	0.0	0.0	823	12	-52	0
30113	620	90	1	646	300	300	60	60	60	60	0	0	0	0	0	0	0	1	0	0	0	0	0	0	0	0	-1.0	0.38823533	0.0	0.0	793	23	-70	0
30129	360	79	1	646	300	300	60	60	60	60	0	0	0	0	0	0	0	1	0	0	0	0	0	0	0	0	-1.0	0.39607847	0.0	0.0	763	34	-70	0
30146	1000	402	1	646	300	300	60	60	60	60	0	0	0	0	0	0	0	1	0	0	0	0	0	0	0	0	-1.0	0.427451	0.0	0.0	733	46	-72	0
30161	968	225	1	646	300	300	60	60	60	60	0	0	0	0	0	0	0	1	0	0	0	0	0	0	0	0	-1.0	0.43529415	0.0	0.0	703	59	-72	0
30178	966	165	1	646	300	300	60	60	60	60	0	0	0	0	0	0	0	1	0	0	0	0	0	0	0	0	-1.0	0.5058824	0.0	0.0	673	74	-76	0
30196	780	361	1	646	300	300	60	60	60	60	0	0	0	0	0	0	0	1	0	0	0	0	0	0	0	0	-1.0	0.5921569	0.0	0.0	643	91	-80	0
30213	1128	161	1	646	300	300	60	60	60	60	0	0	0	0	0	0	0	1	0	0	0	0	0	0	0	0	-1.0	0.60784316	0.0	0.0	613	109	-81	0
30229	-194	362	1	646	300	300	60	60	60	60	0	0	0	0	0	0	0	1	0	0	0	0	0	0	0	0	-1.0	0.6156863	0.0	0.0	583	127	-81	0
30245	1156	368	1	646	300	300	60	60	60	60	0	0	0	0	0	0	0	1	0	0	0	0	0	0	0	0	-1.0	0.8117647	0.0	0.0	553	151	-91	0
30262	198	646	1	646	300	300	60	60	60	60	0	0	0	0	0	0	0	1	0	0	0	0	0	0	0	0	-0.96862745	0.8980392	0.0	0.0	523	177	-94	0
30279	790	148	1	646	300	300	60	60	60	60	0	0	0	0	0	0	0	1	0	0	0	0	0	0	0	0	-0.6392157	1.0	0.0	0.0	503	207	-82	0
30296	410	838	1	646	300	300	60	60	60	60	0	0	0	0	0	0	0	1	0	0	0	0	0	0	0	0	-0.27843136	1.0	0.0	0.0	494	237	-64	0
30311	209	224	1	646	300	300	60	60	60	60	0	0	0	0	0	0	0	1	0	0	0	0	0	0	0	0	0.16078436	1.0	0.0	0.0	498	267	-42	0
30327	764	-77	1	646	300	300	60	60	60	60	0	0	0	0	0	0	0	1	0	0	0	0	0	0	0	0	0.3176471	1.0	0.0	0.0	507	297	-35	0
30345	1135	304	1	646	300	300	60	60	60	60	0	0	0	0	0	0	0	1	0	0	0	0	0	0	0	0	0.7019608	1.0	0.0	0.0	528	327	-15	0
30362	249	382	1	646	300	300	60	60	60	60	0	0	0	0	0	0	0	1	0	0	0	0	0	0	0	0	0.8509804	1.0	0.0	0.0	553	357	-8	0
30378	599	724	1	646	300	300	60	60	60	60	0	0	0	0	0	0	0	1	0	0	0	0	0	0	0	0	1.0	1.0	0.0	0.0	583	387	0	0
30395	4	173	1	646	300	300	60	60	60	60	0	0	0	0	0	0	0	1	0	0	0	0	0	0	0	0	1.0	1.0	0.0	0.0	613	417	0	0
30412	709	404	1	646	300	300	60	60	60	60	0	0	0	0	0	0	0	1	0	0	0	0	0	0	0	0	1.0	1.0	0.0	0.0	643	447	0	0
30429	867	159	1	646	300	300	60	60	60	60	0	0	0	0	0	0	0	1	0	0	0	0	0	0	0	0	1.0	1.0	0.0	0.0	673	477	0	0
30447	765	526	1	646	300	300	60	60	60	60	0	0	0	0	0	0	0	1	0	0	0	0	0	0	0	0	1.0	0.9764706	0.0	0.0	703	506	1	0
30462	763	626	1	646	300	300	60	60	60	60	0	0	0	0	0	0	0	1	0	0	0	0	0	0	0	0	1.0	0.8980392	0.0	0.0	733	532	5	0
30478	1298	736	1	646	300	300	60	60	60	60	0	0	0	0	0	0	0	1	0	0	0	0	0	0	0	0	0.58431375	0.35686278	0.0	0.0	750	542	11	0
30495	803	532	1	646	300	300	60	60	60	60	0	0	0	0	0	0	0	1	0	0	0	0	0	0	0	0	0.4039216	0.15294123	0.0	0.0	762	546	12	0
30513	492	617	1	646	300	300	60	60	60	60	0	0	0	0	0	0	0	1	0	0	0	0	0	0	0	0	0.0	0.0	0.0	0.0	762	546	0	0
30531	1359	710	1	646	300	300	60	60	60	60	0	0	0	0	0	0	0	1	0	0	0	0	0	0	0	0	0.0	0.0	0.0	0.0	762	546	0	0
30544	828	54	1	646	300	300	60	60	60	60	0	0	0	0	0	0	0	1	0	0	0	0	0	0	0	0	0.0	0.0	0.0	0.0	762	546	0	0
30561	735	829	1	646	300	300	60	60	60	60	0	0	0	0	0	0	0	1	0	0	0	0	0	0	0	0	0.0	0.0	0.0	0.0	762	546	0	0
30579	427	117	1	646	300	300	60	60	60	60	0	0	0	0	0	0	0	1	0	0	0	0	0	0	0	0	0.0	0.0	0.0	0.0	762	546	0	0
30597	1093	485	1	646	300	300	60	60	60	60	0	0	0	0	0	0	0	1	0	0	0	0	0	0	0	0	0.0	0.0	0.0	0.0	762	546	0	0
30611	723	-126	1	646	300	300	60	60	60	60	0	0	0	0	0	0	0	1	0	0	0	0	0	0	0	0	0.0	0.0	0.0	0.0	762	546	0	0
30628	911	48	1	646	300	300	60	60	60	60	0	0	0	0	0	0	0	1	0	0	0	0	0	0	0	0	0.0	0.0	0.0	0.0	762	546	0	0
30648	783	214	1	646	300	300	60	60	60	60	0	0	0	0	0	0	0	1	0	0	0	0	0	0	0	0	0.0	0.0	0.0	0.0	762	546	0	0
30663	877	825	1	646	300	300	60	60	60	60	0	0	0	0	0	0	0	1	0	0	0	0	0	0	0	0	0.0	0.0	0.0	0.0	762	546	0	0
30679	598	190	1	646	300	300	60	60	60	60	0	0	0	0	0	0	0	1	0	0	0	0	0	0	0	0	0.0	0.0	0.0	0.0	762	546	0	0
30694	356	435	1	646	300	300	60	60	60	60	0	0	0	0	0	0	0	1	0	0	0	0	0	0	0	0	0.0	0.0	0.0	0.0	762	546	0	0
30715	484	691	1	646	300	300	60	60	60	60	0	0	0	0	0	0	0	1	0	0	0	0	0	0	0	0	0.0	0.0	0.0	0.0	762	546	0	0
30729	809	253	1	646	300	300	60	60	60	60	0	0	0	0	0	0	0	1	0	0	0	0	0	0	0	0	0.0	0.0	0.0	0.0	762	546	0	0
30745	425	485	1	646	300	300	60	60	60	60	0	0	0	0	0	0	0	1	0	0	0	0	0	0	0	0	0.0	0.0	0.0	0.0	762	546	0	0
30763	1321	278	1	646	300	300	60	60	60	60	0	0	0	0	0	0	0	1	0	0	0	0	0	0	0	0	0.0	0.0	0.0	0.0	762	546	0	0
30778	1530	894	1	646	300	300	60	60	60	60	0	0	0	0	0	0	0	1	0	0	0	0	0	0	0	0	0.0	0.0	0.0	0.0	762	546	0	0
30797	1638	1039	1	646	300	300	60	60	60	60	0	0	0	0	0	0	0	1	0	0	0	0	0	0	0	0	0.0	0.0	0.0	0.0	762	546	0	0
30813	819	521	1	646	300	300	60	60	60	60	0	0	0	0	0	0	0	1	0	0	0	0	0	0	0	0	0.20000005	-0.12941176	0.0	0.0	768	546	16	0
30828	694	636	1	646	300	300	60	60	60	60	0	0	0	0	0	0	0	1	0	0	0	0	0	0	0	0	0.32549024	-0.19215685	0.0	0.0	777	540	25	0
30844	995	683	1	646	300	300	60	60	60	60	0	0	0	0	0	0	0	1	0	0	0	0	0	0	0	0	0.43529415	-0.23921567	0.0	0.0	790	532	33	0
30861	747	991	1	646	300	300	60	60	60	60	0	0	0	0	0	0	0	1	0	0	0	0	0	0	0	0	0.4431373	-0.27058822	0.0	0.0	803	523	35	0
30879	450	21	1	646	300	300	60	60	60	60	0	0	0	0	0	0	0	1	0	0	0	0	0	0	0	0	0.56078434	-0.35686272	0.0	0.0	819	512	45	0
30895	1000	107	1	646	300	300	60	60	60	60	0	0	0	0	0	0	0	1	0	0	0	0	0	0	0	0	0.73333335	-0.3960784	0.0	0.0	841	500	56	0
30913	1009	1134	1	646	300	300	60	60	60	60	0	0	0	0	0	0	0	1	0	0	0	0	0	0	0	0	0.85882354	-0.44313723	0.0	0.0	866	486	65	0
30928	235	272	1	646	300	300	60	60	60	60	0	0	0	0	0	0	0	1	0	0	0	0	0	0	0	0	0.8901961	-0.44313723	0.0	0.0	892	472	66	0
30945	1039	235	1	646	300	300	60	60	60	60	0	0	0	0	0	0	0	1	0	0	0	0	0	0	0	0	0.85882354	-0.44313723	0.0	0.0	917	458	65	0
30963	908	301	1	646	300	300	60	60	60	60	0	0	0	0	0	0	0	1	0	0	0	0	0	0	0	0	0.8509804	-0.44313723	0.0	0.0	942	444	64	0
30978	960	808	1	646	300	300	60	60	60	60	0	0	0	0	0	0	0	1	0	0	0	0	0	0	0	0	0.5137255	-0.41176468	0.0	0.0	957	431	46	0
30997	1261	709	1	646	300	300	60	60	60	60	0	0	0	0	0	0	0	1	0	0	0	0	0	0	0	0	0.27843142	-0.3333333	0.0	0.0	965	421	30	0
31013	1227	126	1	646	300	300	60	60	60	60	0	0	0	0	0	0	0	1	0	0	0	0	0	0	0	0	0.0	0.0	0.0	0.0	965	421	0	0
31029	809	161	1	646	300	300	60	60	60	60	0	0	0	0	0	0	0	1	0	0	0	0	0	0	0	0	0.0	0.0	0.0	0.0	965	421	0	0
31044	1228	409	1	646	300	300	60	60	60	60	0	0	0	0	0	0	0	1	0	0	0	0	0	0	0	0	0.0	0.0	0.0	0.0	965	421	0	0
31064	1048	484	1	646	300	300	60	60	60	60	0	0	0	0	0	0	0	1	0	0	0	0	0	0	0	0	0.0	0.0	0.0	0.0	965	421	0	0
31081	1001	29	1	646	300	300	60	60	60	60	0	0	0	0	0	0	0	1	0	0	0	0	0	0	0	0	0.0	0.0	0.0	0.0	965	421	0	0
36328	1033	469	1	646	300	300	60	60	60	60	0	0	0	0	1	1	0	0	0	0	0	0	0	0	0	0	0.0	0.0	0.0	0.0	965	421	0	0
36345	622	316	1	646	300	300	60	60	60	60	0	0	0	0	1	1	0	0	0	0	0	0	0	0	0	0	0.0	0.0	0.0	0.0	965	421	0	0
36363	718	689	1	646	300	300	60	60	60	60	0	0	0	0	1	1	0	0	0	0	0	0	0	0	0	0	0.0	0.0	0.0	0.0	965	421	0	0
36380	795	197	1	646	300	300	60	60	60	60	0	0	0	0	1	1	0	0	0	0	0	0	0	0	0	0	0.0	0.0	0.0	0.0	965	421	0	0
36396	1394	549	1	646	300	300	60	60	60	60	0	0	0	0	1	1	0	0	0	0	0	0	0	0	0	0	0.0	0.0	0.0	0.0	965	421	0	0
36413	332	237	1	646	300	300	60	60	60	60	0	0	0	0	1	1	0	0	0	0	0	0	0	0	0	0	0.0	0.0	0.0	0.0	965	421	0	0
36429	1046	851	1	646	300	300	60	60	60	60	0	0	0	0	1	1	0	0	0	0	0	0	0	0	0	0	0.0	0.0	0.0	0.0	965	421	0	0
36446	720	105	1	646	300	300	60	60	60	60	0	0	0	0	1	1	0	0	0	0	0	0	0	0	0	0	0.0	0.0	0.0	0.0	965	421	0	0
36462	1481	687	1	646	300	300	60	60	60	60	0	0	0	0	1	1	0	0	0	0	0	0	0	0	0	0	0.0	0.0	0.0	0.0	965	421	0	0
36479	749	712	1	646	300	300	60	60	60	60	0	0	0	0	1	1	0	0	0	0	0	0	0	0	0	0	0.0	0.0	0.0	0.0	965	421	0	0
36496	811	704	1	646	300	300	60	60	60	60	0	0	0	0	1	1	0	0	0	0	0	0	0	0	0	0	0.0	0.0	0.0	0.0	965	421	0	0
37656	969	219	6	307	275	219	132	110	241	60	0	0	0	0	0	0	1	1	0	0	0	0	0	0	0	0	0.0	0.0	0.0	0.0	659	219	0	0
38273	506	243	6	307	275	219	132	110	241	60	0	0	0	0	0	0	1	1	0	0	0	0	0	0	0	0	0.0	0.0	0.0	0.0	458	573	0	0
