millis	xpos	ypos	sX	sY	dpX	dpY	red	green	blue	opacity	A1	A2	A3	A4	L1	R1	L2	R2	S1	S2	M1	M2	up	down	left	right	anlgX	anlgY	anlgU	anlgV	joy1_int	joy2_int
42580	1007	913	436	205	310	194	132	203	104	60	0	0	0	0	0	0	0	0	0	1	0	0	0	0	0	0	0.0	0.0	0.1686275	0.0	0	8
42610	727	724	436	205	310	194	132	203	104	60	0	0	0	0	0	0	0	0	0	0	0	0	0	0	0	0	0.0	0.0	0.1686275	0.0	0	8
42643	1349	419	436	205	310	194	132	203	104	60	0	0	0	0	0	0	0	0	0	0	0	0	0	0	0	0	0.0	0.0	0.1686275	0.0	0	8
42677	535	525	436	205	310	194	132	203	104	60	0	0	0	0	0	0	0	0	0	0	0	0	0	0	0	0	0.0	0.0	0.1686275	0.0	0	8
42711	1242	578	436	205	310	194	132	203	104	60	0	0	0	0	0	0	0	0	0	0	0	0	0	0	0	0	0.0	0.0	0.1686275	0.0	0	8
42744	774	610	436	205	310	194	132	203	104	60	0	0	0	0	0	0	0	0	0	0	0	0	0	0	0	0	0.0	0.0	0.1686275	0.0	0	8
42778	1453	759	436	205	310	194	132	203	104	60	0	0	0	0	0	0	0	0	0	0	0	0	0	0	0	0	0.0	0.0	0.1686275	0.0	0	8
42811	945	655	436	205	310	194	132	203	104	60	0	0	0	0	0	0	0	0	0	0	0	0	0	0	0	0	0.0	0.0	0.1686275	0.0	0	8
42844	726	476	436	205	310	194	132	203	104	60	0	0	0	0	0	0	0	0	0	0	0	0	0	0	0	0	0.0	0.0	0.1686275	0.0	0	8
42878	983	524	436	205	310	194	132	203	104	60	0	0	0	0	0	0	0	0	0	0	0	0	0	0	0	0	0.0	0.0	0.1686275	0.0	0	8
42911	692	342	436	205	310	194	132	203	104	60	0	0	0	0	0	0	0	0	0	0	0	0	0	0	0	0	0.0	0.0	0.1686275	0.0	0	8
42942	609	368	436	205	310	194	132	203	104	60	0	0	0	0	0	0	0	0	0	0	0	0	0	0	0	0	0.0	0.0	0.1686275	0.0	0	8
42977	828	290	436	205	310	194	132	203	104	60	0	0	0	0	0	0	0	0	0	0	0	0	0	0	0	0	0.0	0.0	0.1686275	0.0	0	8
43010	1289	629	436	205	310	194	132	203	104	60	0	0	0	0	0	0	0	0	0	0	0	0	0	0	0	0	0.0	0.0	0.1686275	0.0	0	8
43043	1154	449	436	205	310	194	132	203	104	60	0	0	0	0	0	0	0	0	0	0	0	0	0	0	0	0	0.0	0.0	0.1686275	0.0	0	8
43075	1250	634	436	205	310	194	132	203	104	60	0	0	0	0	0	0	0	0	0	0	0	0	0	0	0	0	0.0	0.0	0.1686275	0.0	0	8
43110	755	676	436	205	310	194	132	203	104	60	0	0	0	0	0	0	0	0	0	0	0	0	0	0	0	0	0.0	0.0	0.1686275	0.0	0	8
43141	1372	359	436	205	310	194	132	203	104	60	0	0	0	0	0	0	0	0	0	0	0	0	0	0	0	0	0.0	0.0	0.1686275	0.0	0	8
43176	780	712	436	205	310	194	132	203	104	60	0	0	0	0	0	0	0	0	0	0	0	0	0	0	0	0	0.0	0.0	0.1686275	0.0	0	8
43210	921	365	436	205	310	194	132	203	104	60	0	0	0	0	0	0	0	0	0	0	0	0	0	0	0	0	0.0	0.0	0.1686275	0.0	0	8
43243	565	537	436	205	310	194	132	203	104	60	0	0	0	0	0	0	0	0	0	0	0	0	0	0	0	0	0.0	0.0	0.1686275	0.0	0	8
43277	1077	496	436	205	310	194	132	203	104	60	0	0	0	0	0	0	0	0	0	0	0	0	0	0	0	0	0.0	0.0	0.1686275	0.0	0	8
43310	1125	634	436	205	310	194	132	203	104	60	0	0	0	0	0	0	0	0	0	0	0	0	0	0	0	0	0.0	0.0	0.1686275	0.0	0	8
43344	989	772	436	205	310	194	132	203	104	60	0	0	0	0	0	0	0	0	0	0	0	0	0	0	0	0	0.0	0.0	0.1686275	0.0	0	8
43376	834	600	436	205	310	194	132	203	104	60	0	0	0	0	0	0	0	0	0	0	0	0	0	0	0	0	0.0	0.0	0.15294123	0.0	0	7
43409	738	879	436	205	310	194	132	203	104	60	0	0	0	0	0	0	0	0	0	0	0	0	0	0	0	0	0.0	0.0	0.15294123	0.0	0	7
43443	1041	436	436	205	310	194	132	203	104	60	0	0	0	0	0	0	0	0	0	0	0	0	0	0	0	0	0.12156868	0.0	0.15294123	0.0	6	7
43478	1077	534	436	205	310	194	132	203	104	60	0	0	0	0	0	0	0	0	0	0	0	0	0	0	0	0	0.13725495	0.0	0.14509809	0.0	6	7
43508	988	700	436	205	310	194	132	203	104	60	0	0	0	0	0	0	0	0	0	0	0	0	0	0	0	0	0.15294123	0.0	0.12156868	-0.23921567	7	18
43543	1163	1186	436	205	310	194	132	203	104	60	0	0	0	0	0	0	0	0	0	0	0	0	0	0	0	0	0.38823533	0.0	0.0	-0.35686272	19	17
43577	1117	645	436	205	310	194	132	203	104	60	0	0	0	0	0	0	0	0	0	0	0	0	0	0	0	0	0.6392157	0.0	0.0	-0.4823529	31	24
43610	1069	662	436	205	310	194	132	203	104	60	0	0	0	0	0	0	0	0	0	0	0	0	0	0	0	0	0.88235295	0.0	-0.20784312	-0.6784314	44	23
43644	942	1013	436	205	310	194	132	203	104	60	0	0	0	0	0	0	0	0	0	0	0	0	0	0	0	0	1.0	0.0	-0.42745095	-0.7254902	50	14
43679	391	707	436	205	310	194	132	203	104	60	0	0	0	0	0	0	0	0	0	0	0	0	0	0	0	0	1.0	-0.12941176	-0.7647059	-0.6862745	56	-4
43711	799	479	436	205	310	194	132	203	104	60	0	0	0	0	0	0	0	0	0	0	0	0	0	0	0	0	1.0	-0.26274508	-1.0	-0.5372549	63	-24
43745	901	857	436	205	310	194	132	203	104	60	0	0	0	0	0	0	0	0	0	0	0	0	0	0	0	0	1.0	-0.372549	-1.0	-0.38823527	68	-31
43780	1283	622	436	205	310	194	132	203	104	60	0	0	0	0	0	0	0	0	0	0	0	0	0	0	0	0	1.0	-0.4980392	-1.0	-0.25490195	74	-38
43809	1116	791	436	205	310	194	132	203	104	60	0	0	0	0	0	0	0	0	0	0	0	0	0	0	0	0	1.0	-0.78039217	-1.0	0.0	89	-50
43843	1169	558	436	205	310	194	132	203	104	60	0	0	0	0	0	0	0	0	0	0	0	0	0	0	0	0	1.0	-0.9764706	-0.88235295	0.34901965	98	-62
43878	1065	793	436	205	310	194	132	203	104	60	0	0	0	0	0	0	0	0	0	0	0	0	0	0	0	0	1.0	-1.0	-0.38823527	0.6862745	100	-54
43910	652	381	436	205	310	194	132	203	104	60	0	0	0	0	0	0	0	0	0	0	0	0	0	0	0	0	1.0	-1.0	-0.10588235	0.7176471	100	-42
43947	1147	576	436	205	310	194	132	203	104	60	0	0	0	0	0	0	0	0	0	0	0	0	0	0	0	0	1.0	-1.0	0.24705887	0.7176471	100	-24
43980	1267	372	436	205	310	194	132	203	104	60	0	0	0	0	0	0	0	0	0	0	0	0	0	0	0	0	1.0	-1.0	0.62352943	0.7254902	100	-6
44009	1326	537	436	205	310	194	132	203	104	60	0	0	0	0	0	0	0	0	0	0	0	0	0	0	0	0	1.0	-1.0	0.92941177	0.7647059	100	8
44047	489	476	436	205	310	194	132	203	104	60	0	0	0	0	0	0	0	0	0	0	0	0	0	0	0	0	1.0	-1.0	1.0	0.8352941	100	8
44077	406	695	436	205	310	194	132	203	104	60	0	0	0	0	0	0	0	0	0	0	0	0	0	0	0	0	1.0	-1.0	1.0	0.8352941	100	8
44113	898	399	436	205	310	194	132	203	104	60	0	0	0	0	0	0	0	0	0	0	0	0	0	0	0	0	1.0	-1.0	1.0	0.8352941	100	8
44147	1118	520	436	205	310	194	132	203	104	60	0	0	0	0	0	0	0	0	0	0	0	0	0	0	0	0	1.0	-1.0	1.0	0.8352941	100	8
44180	1466	682	436	205	310	194	132	203	104	60	0	0	0	0	0	0	0	0	0	0	0	0	0	0	0	0	1.0	-1.0	1.0	0.8352941	100	8
44214	1039	401	436	205	310	194	132	203	104	60	0	0	0	0	0	0	0	0	0	0	0	0	0	0	0	0	1.0	-1.0	1.0	0.8352941	100	8
44246	797	829	436	205	310	194	132	203	104	60	0	0	0	0	0	0	0	0	0	0	0	0	0	0	0	0	1.0	-1.0	1.0	0.8352941	100	8
44279	798	652	436	205	310	194	132	203	104	60	0	0	0	0	0	0	0	0	0	0	0	0	0	0	0	0	1.0	-1.0	1.0	0.8352941	100	8
44312	1167	576	436	205	310	194	132	203	104	60	0	0	0	0	0	0	0	0	0	0	0	0	0	0	0	0	1.0	-1.0	1.0	0.8352941	100	8
44346	1097	588	436	205	310	194	132	203	104	60	0	0	0	0	0	0	0	0	0	0	0	0	0	0	0	0	1.0	-1.0	1.0	0.84313726	100	7
44379	1007	593	436	205	310	194	132	203	104	60	0	0	0	0	0	0	0	0	0	0	0	0	0	0	0	0	1.0	-1.0	1.0	0.84313726	100	7
44413	966	524	436	205	310	194	132	203	104	60	0	0	0	0	0	0	0	0	0	0	0	0	0	0	0	0	1.0	-1.0	1.0	0.81960785	100	9
44445	1117	843	436	205	310	194	132	203	104	60	0	0	0	0	0	0	0	0	0	0	0	0	0	0	0	0	1.0	-1.0	0.69411767	0.5058824	100	9
44478	941	422	436	205	310	194	132	203	104	60	0	0	0	0	0	0	0	0	0	0	0	0	0	0	0	0	1.0	-1.0	0.0	0.0	100	0
44510	1398	534	436	205	310	194	132	203	104	60	0	0	0	0	0	0	0	0	0	0	0	0	0	0	0	0	0.8039216	-0.88235295	0.0	0.0	84	0
44544	756	673	436	205	310	194	132	203	104	60	0	0	0	0	0	0	0	0	0	0	0	0	0	0	0	0	0.427451	-0.42745095	0.0	0.0	42	0
44576	885	518	436	205	310	194	132	203	104	60	0	0	0	0	0	0	0	0	0	0	0	0	0	0	0	0	0.17647064	0.0	0.0	0.0	8	0
44609	916	562	436	205	310	194	132	203	104	60	0	0	0	0	0	0	0	0	0	0	0	0	0	0	0	0	0.13725495	0.0	0.0	0.0	6	0
44642	1019	513	436	205	310	194	132	203	104	60	0	0	0	0	0	0	0	0	0	0	0	0	0	0	0	0	0.13725495	0.0	0.0	0.0	6	0
44676	289	735	436	205	310	194	132	203	104	60	0	0	0	0	0	0	0	0	0	0	0	0	0	0	0	0	0.13725495	0.0	0.0	0.0	6	0
44710	1129	581	436	205	310	194	132	203	104	60	0	0	0	0	0	0	0	0	0	0	0	0	0	0	0	0	0.13725495	0.0	0.0	0.0	6	0
44743	944	677	436	205	310	194	132	203	104	60	0	0	0	0	0	0	0	0	0	0	0	0	0	0	0	0	0.13725495	0.0	0.0	0.0	6	0
44777	959	613	436	205	310	194	132	203	104	60	0	0	0	0	0	0	0	0	0	0	0	0	0	0	0	0	0.13725495	0.0	0.0	0.0	6	0
44809	1356	553	436	205	310	194	132	203	104	60	0	0	0	0	0	0	0	0	0	0	0	0	0	0	0	0	0.13725495	0.0	0.0	0.0	6	0
44842	969	467	436	205	310	194	132	203	104	60	0	0	0	0	0	0	0	0	0	0	0	0	0	0	0	0	0.13725495	0.0	0.0	0.0	6	0
44877	891	311	436	205	310	194	132	203	104	60	0	0	0	0	0	0	0	0	0	0	0	0	0	0	0	0	0.13725495	0.0	0.0	0.0	6	0
44909	750	294	436	205	310	194	132	203	104	60	0	0	0	0	0	0	0	0	0	0	0	0	0	0	0	0	0.13725495	0.0	0.0	0.0	6	0
44941	1300	600	436	205	310	194	132	203	104	60	0	0	0	0	0	0	0	0	0	0	0	0	0	0	0	0	0.13725495	0.0	0.0	0.0	6	0
44975	1129	603	436	205	310	194	132	203	104	60	0	0	1	0	0	0	0	0	0	0	0	0	0	0	0	0	0.13725495	0.0	0.0	0.0	6	0
45008	1137	727	436	205	310	194	132	203	104	60	0	0	1	1	0	0	0	0	0	0	0	0	0	0	0	0	0.1686275	0.0	0.0	0.0	8	0
45046	1567	848	436	205	310	194	132	203	104	60	0	0	1	1	0	0	0	0	0	0	0	0	0	0	0	0	0.32549024	-0.24705881	0.0	0.0	28	0
45079	359	587	436	205	310	194	132	203	105	61	0	0	1	1	0	0	0	0	0	0	0	0	0	0	0	0	0.5686275	-0.38823527	0.0	0.0	47	0
45109	446	484	436	205	310	194	132	203	106	62	0	0	1	1	0	0	0	0	0	0	0	0	0	0	0	0	0.8901961	-0.5529412	0.0	0.0	72	0
45144	752	610	436	205	310	194	132	203	108	64	0	0	1	1	0	0	0	0	0	0	0	0	0	0	0	0	1.0	-0.827451	0.0	0.0	91	0
45178	535	362	436	205	310	194	132	203	111	67	0	0	1	1	0	0	0	0	0	0	0	0	0	0	0	0	1.0	-0.96862745	0.0	0.0	98	0
45210	1364	477	436	205	310	194	132	203	114	70	0	0	1	1	0	0	0	0	0	0	0	0	0	0	0	0	1.0	-0.9764706	0.0	0.0	98	0
45245	915	625	436	205	310	194	132	203	117	73	0	0	1	1	0	0	0	0	0	0	0	0	0	0	0	0	1.0	-0.9764706	0.0	0.0	98	0
45278	1005	970	436	205	310	194	132	203	120	76	0	0	1	1	0	0	0	0	0	0	0	0	0	0	0	0	1.0	-0.9764706	0.0	0.0	98	0
45309	1112	701	436	205	310	194	132	203	123	79	0	0	1	1	0	0	0	0	0	0	0	0	0	0	0	0	1.0	-0.9764706	0.0	0.0	98	0
45343	1038	518	436	205	310	194	132	203	126	82	0	0	1	1	0	0	0	0	0	0	0	0	0	0	0	0	1.0	-0.9764706	0.0	0.0	98	0
45381	599	722	436	205	310	194	132	203	129	85	0	0	1	1	0	0	0	0	0	0	0	0	0	0	0	0	1.0	-0.9764706	0.0	0.0	98	0
45410	1127	541	436	205	310	194	132	203	132	88	0	0	1	1	0	0	0	0	0	0	0	0	0	0	0	0	1.0	-0.9764706	0.0	0.0	98	0
45444	1416	602	436	205	310	194	132	203	135	91	0	0	1	1	0	0	0	0	0	0	0	0	0	0	0	0	1.0	-0.9764706	0.0	0.0	98	0
45476	884	935	436	205	310	194	132	203	138	94	0	0	1	1	0	0	0	0	0	0	0	0	0	0	0	0	1.0	-0.9764706	0.0	0.0	98	0
45509	327	421	436	205	310	194	132	203	141	97	0	1	1	1	0	0	0	0	0	0	0	0	0	0	0	0	1.0	-1.0	0.0	0.0	100	0
45542	831	433	436	205	310	194	132	207	145	101	0	1	1	1	0	0	0	0	0	0	0	0	0	0	0	0	1.0	-1.0	0.0	0.0	100	0
45575	1083	798	436	205	310	194	132	211	149	105	0	1	1	1	0	0	0	0	0	0	0	0	0	0	0	0	1.0	-1.0	0.0	0.0	100	0
45609	657	792	436	205	310	194	132	215	153	109	0	1	1	1	0	0	0	0	0	0	0	0	0	0	0	0	1.0	-1.0	0.0	0.0	100	0
45642	817	627	436	205	310	194	132	219	157	113	0	1	1	1	0	0	0	0	0	0	0	0	0	0	0	0	1.0	-1.0	0.0	0.0	100	0
45677	1148	496	436	205	310	194	132	223	161	117	0	1	1	1	0	0	0	0	0	0	0	0	0	0	0	0	1.0	-1.0	0.0	0.0	100	0
45713	919	492	436	205	310	194	132	227	165	121	0	1	1	1	0	0	0	0	0	0	0	0	0	0	0	0	1.0	-1.0	0.0	0.0	100	0
45744	1066	475	436	205	310	194	132	231	169	125	0	1	1	1	0	0	0	0	0	0	0	0	0	0	0	0	1.0	-1.0	0.0	0.0	100	0
45778	796	369	436	205	310	194	132	235	173	129	1	1	1	1	0	0	0	0	0	0	0	0	0	0	0	0	1.0	-1.0	0.0	0.0	100	0
45813	961	799	436	205	310	194	136	239	177	133	1	1	1	1	0	0	0	0	0	0	0	0	0	0	0	0	1.0	-1.0	0.0	0.0	100	0
45846	1147	597	436	205	310	194	140	243	181	137	1	1	1	1	0	0	0	0	0	0	0	0	0	0	0	0	1.0	-1.0	0.0	0.0	100	0
45875	675	493	436	205	310	194	144	247	185	141	1	1	1	1	0	0	0	0	0	0	0	0	0	0	0	0	1.0	-1.0	0.0	0.0	100	0
45913	792	533	436	205	310	194	148	251	189	145	1	1	1	1	0	0	0	0	0	0	0	0	0	0	0	0	1.0	-1.0	0.0	0.0	100	0
45947	884	523	436	205	310	194	152	255	193	149	1	1	1	1	0	0	0	0	0	0	0	0	0	0	0	0	1.0	-1.0	0.0	0.0	100	0
45979	899	446	436	205	310	194	156	255	197	153	1	1	1	1	0	0	0	0	0	0	0	0	0	0	0	0	1.0	-1.0	0.0	0.0	100	0
46012	1375	441	436	205	310	194	160	255	201	157	1	1	1	1	0	0	0	0	0	0	0	0	0	0	0	0	1.0	-1.0	0.0	0.0	100	0
46046	1319	491	436	205	310	194	164	255	205	161	1	1	1	1	0	0	0	0	0	0	0	0	0	0	0	0	1.0	-1.0	0.0	0.0	100	0
46079	812	923	436	205	310	194	168	255	209	165	1	1	1	1	0	0	0	0	0	0	0	0	0	0	0	0	1.0	-1.0	0.0	0.0	100	0
46116	1068	663	436	205	310	194	172	255	213	169	1	1	1	1	0	0	0	0	0	0	0	0	0	0	0	0	1.0	-1.0	0.0	0.0	100	0
46145	1400	547	436	205	310	194	176	255	217	173	1	1	1	1	0	0	0	0	0	0	0	0	0	0	0	0	1.0	-1.0	0.0	0.0	100	0
46178	816	568	436	205	310	194	180	255	221	177	1	1	1	1	0	0	0	0	0	0	0	0	0	0	0	0	1.0	-1.0	0.0	0.0	100	0
46212	1126	444	436	205	310	194	184	255	225	181	1	1	1	1	0	0	0	0	0	0	0	0	0	0	0	0	1.0	-1.0	0.0	0.0	100	0
46245	1200	530	436	205	310	194	188	255	229	185	1	1	1	1	0	0	0	0	0	0	0	0	0	0	0	0	1.0	-1.0	0.0	0.0	100	0
46278	1338	540	436	205	310	194	192	255	233	189	1	1	1	1	0	0	0	0	0	0	0	0	0	0	0	0	1.0	-1.0	0.0	0.0	100	0
46311	1244	744	436	205	310	194	196	255	237	193	1	1	0	1	0	0	0	0	0	0	0	0	0	0	0	0	1.0	-1.0	0.0	0.0	100	0
46346	821	644	436	205	310	194	200	255	237	197	1	0	0	1	0	0	0	0	0	0	0	0	0	0	0	0	1.0	-1.0	0.0	0.0	100	0
46379	1231	500	436	205	310	194	204	255	237	201	1	0	0	1	0	0	0	0	0	0	0	0	0	0	0	0	1.0	-1.0	0.0	0.0	100	0
46411	738	681	436	205	310	194	208	255	237	205	1	0	0	1	0	0	0	0	0	0	0	0	0	0	0	0	1.0	-1.0	0.0	0.0	100	0
46444	382	736	436	205	310	194	212	255	237	209	1	1	0	1	0	0	0	0	0	0	0	0	0	0	0	0	1.0	-1.0	0.0	0.0	100	0
46480	1094	480	436	205	310	194	216	255	237	213	1	1	0	1	0	0	0	0	0	0	0	0	0	0	0	0	1.0	-1.0	0.0	0.0	100	0
46511	1164	376	436	205	310	194	220	255	237	217	1	1	0	1	0	0	0	0	0	0	0	0	0	0	0	0	1.0	-1.0	0.0	0.0	100	0
46547	897	754	436	205	310	194	224	255	237	221	1	1	0	1	0	0	0	0	0	0	0	0	0	0	0	0	1.0	-1.0	0.0	0.0	100	0
46577	672	355	436	205	310	194	228	255	237	225	1	1	0	0	0	0	0	0	0	0	0	0	0	0	0	0	1.0	-1.0	0.0	0.0	100	0
46612	1046	226	436	205	310	194	232	255	237	225	1	1	0	0	0	0	0	0	0	0	0	0	0	0	0	0	1.0	-1.0	0.0	0.0	100	0
46646	1365	373	436	205	310	194	236	255	237	225	1	1	0	0	0	0	0	0	0	0	0	0	0	0	0	0	1.0	-1.0	0.0	0.0	100	0
46679	994	622	436	205	310	194	240	255	237	225	1	1	0	0	0	0	0	0	0	0	0	0	0	0	0	0	1.0	-1.0	0.0	0.0	100	0
46713	1128	605	436	205	310	194	244	255	237	225	1	1	0	0	0	0	0	0	0	0	0	0	0	0	0	0	1.0	-1.0	0.0	0.0	100	0
46746	834	654	436	205	310	194	248	255	237	225	1	1	0	0	0	0	0	0	0	0	0	0	0	0	0	0	1.0	-1.0	0.0	0.0	100	0
46779	641	707	436	205	310	194	252	255	237	225	1	1	0	0	0	0	0	0	0	0	0	0	0	0	0	0	1.0	-1.0	0.0	0.0	100	0
46812	1134	149	436	205	310	194	255	255	237	225	1	1	0	0	0	0	0	0	0	0	0	0	0	0	0	0	1.0	-1.0	0.0	0.0	100	0
46845	358	661	436	205	310	194	255	255	237	225	1	1	0	0	0	0	0	0	0	0	0	0	0	0	0	0	1.0	-1.0	0.0	0.0	100	0
46879	1768	607	436	205	310	194	255	255	237	225	1	1	0	0	0	0	0	0	0	0	0	0	0	0	0	0	0.90588236	-0.9764706	0.0	0.0	94	0
46911	1162	614	436	205	310	194	255	255	237	225	1	1	0	0	0	0	0	0	0	0	0	0	0	0	0	0	0.6	-0.7490196	0.0	0.0	67	0
46944	1473	733	436	205	310	194	255	255	237	225	1	1	1	0	0	0	0	0	0	0	0	0	0	0	0	0	0.24705887	-0.27843136	0.0	0.0	26	0
46977	902	648	436	205	310	194	255	255	238	225	1	1	1	0	0	0	0	0	0	0	0	0	0	0	0	0	0.0	0.0	0.0	0.0	0	0
47011	1247	902	436	205	310	194	255	255	238	225	1	1	1	0	0	0	0	0	0	0	0	0	0	0	0	0	-0.10588235	0.0	0.0	0.0	-6	0
47044	1081	329	436	205	310	194	255	255	238	225	1	1	1	0	0	0	0	0	0	0	0	0	0	0	0	0	-0.35686272	0.0	0.0	0.0	-18	0
47077	831	336	436	205	310	194	255	255	238	225	1	1	1	0	0	0	0	0	0	0	0	0	0	0	0	0	-0.54509807	0.2313726	0.0	0.0	-39	0
47111	946	650	436	205	310	194	254	254	237	225	1	1	1	0	0	0	0	0	0	0	0	0	0	0	0	0	-0.6313726	0.30980396	0.0	0.0	-48	0
47144	724	619	436	205	310	194	253	253	236	225	1	1	1	0	0	0	0	0	0	0	0	0	0	0	0	0	-0.6784314	0.35686278	0.0	0.0	-52	0
47177	599	772	436	205	310	194	251	251	234	225	1	1	1	0	0	0	0	0	0	0	0	0	0	0	0	0	-0.69411767	0.36470592	0.0	0.0	-53	0
47211	495	743	436	205	310	194	249	249	232	225	1	1	1	0	0	0	0	0	0	0	0	0	0	0	0	0	-0.70980394	0.3803922	0.0	0.0	-55	0
47244	626	201	436	205	310	194	247	247	230	225	1	1	1	0	0	0	0	0	0	0	0	0	0	0	0	0	-0.70980394	0.41176474	0.0	0.0	-57	0
47277	1495	746	436	205	310	194	245	245	228	225	1	1	1	0	0	0	0	0	0	0	0	0	0	0	0	0	-0.70980394	0.41176474	0.0	0.0	-57	0
47311	880	653	436	205	310	194	243	243	226	225	1	1	1	0	0	0	0	0	0	0	0	0	0	0	0	0	-0.70980394	0.41176474	0.0	0.0	-57	0
47344	1059	716	436	205	310	194	241	241	224	225	1	1	1	0	0	0	0	0	0	0	0	0	0	0	0	0	-0.70980394	0.35686278	0.0	0.0	-54	0
47378	726	526	436	205	310	194	239	239	222	225	1	1	1	0	0	0	0	0	0	0	0	0	0	0	0	0	-0.70980394	0.32549024	0.0	0.0	-52	0
47410	1047	626	436	205	310	194	237	237	220	225	1	1	1	0	0	0	0	0	0	0	0	0	0	0	0	0	-0.70980394	0.254902	0.0	0.0	-49	0
47443	1043	691	436	205	310	194	236	236	219	225	1	1	1	0	0	0	0	0	0	0	0	0	0	0	0	0	-0.70980394	0.0	0.0	0.0	-36	0
47477	1101	365	436	205	310	194	235	235	218	225	0	1	1	0	0	0	0	0	0	0	0	0	0	0	0	0	-0.6156863	0.0	0.0	0.0	-31	0
47510	1215	726	436	205	310	194	235	234	217	225	0	1	1	0	0	0	0	0	0	0	0	0	0	0	0	0	-0.54509807	0.0	0.0	0.0	-28	0
47543	993	600	436	205	310	194	235	233	216	225	0	1	1	0	0	0	0	0	0	0	0	0	0	0	0	0	-0.46666664	0.0	0.0	0.0	-24	0
47577	843	747	436	205	310	194	235	233	216	225	0	1	1	0	0	0	0	0	0	0	0	0	0	0	0	0	-0.45098037	0.0	0.0	0.0	-23	0
47609	1084	552	436	205	310	194	235	233	216	225	1	1	1	0	0	0	0	0	0	0	0	0	0	0	0	0	-0.45098037	0.0	0.0	0.0	-23	0
47642	753	827	436	205	310	194	235	233	216	225	1	1	1	0	0	0	0	0	0	0	0	0	0	0	0	0	-0.45098037	0.0	0.0	0.0	-23	0
47677	1176	396	436	205	310	194	235	233	216	225	1	1	1	0	0	0	0	0	0	0	0	0	0	0	0	0	-0.45098037	0.0	0.0	0.0	-23	0
47710	1319	454	436	205	310	194	235	233	216	225	1	1	1	0	0	0	0	0	0	0	0	0	0	0	0	0	-0.45098037	0.12941182	0.0	0.0	-30	0
47742	1079	758	436	205	310	194	234	232	215	225	1	1	1	0	0	0	0	0	0	0	0	0	0	0	0	0	-0.45098037	0.20000005	0.0	0.0	-33	0
47777	1301	167	436	205	310	194	233	231	214	225	1	1	1	0	0	0	0	0	0	0	0	0	0	0	0	0	-0.45098037	0.23921573	0.0	0.0	-35	0
47810	725	391	436	205	310	194	232	230	213	225	1	1	1	0	0	0	0	0	0	0	0	0	0	0	0	0	-0.4823529	0.2941177	0.0	0.0	-39	0
47844	1032	612	436	205	310	194	231	229	212	225	1	1	1	0	0	0	0	0	0	0	0	0	0	0	0	0	-0.52156866	0.36470592	0.0	0.0	-45	0
47877	1150	731	436	205	310	194	230	228	211	225	1	1	1	0	0	0	0	0	0	0	0	0	0	0	0	0	-0.6	0.41176474	0.0	0.0	-51	0
47910	423	755	436	205	310	194	228	226	209	225	1	1	1	0	0	0	0	0	0	0	0	0	0	0	0	0	-0.7882353	0.47450984	0.0	0.0	-64	0
47942	1165	161	436	205	310	194	226	224	207	225	1	1	1	0	0	0	0	0	0	0	0	0	0	0	0	0	-0.9764706	0.654902	0.0	0.0	-82	0
47978	692	515	436	205	310	194	223	221	204	225	1	1	1	0	0	0	0	0	0	0	0	0	0	0	0	0	-1.0	0.88235295	0.0	0.0	-95	0
48009	938	660	436	205	310	194	220	218	201	225	1	1	1	0	0	0	0	0	0	0	0	0	0	0	0	0	-1.0	0.9372549	0.0	0.0	-97	0
48042	904	469	436	205	310	194	217	215	198	225	1	1	1	0	0	0	0	0	0	0	0	0	0	0	0	0	-1.0	1.0	0.0	0.0	-100	0
48077	1224	437	436	205	310	194	213	211	194	225	1	1	1	0	0	0	0	0	0	0	0	0	0	0	0	0	-1.0	1.0	0.0	0.0	-100	0
48112	1324	638	436	205	310	194	209	207	190	225	1	1	1	0	0	0	0	0	0	0	0	0	0	0	0	0	-1.0	1.0	0.0	0.0	-100	0
48144	1206	279	436	205	310	194	205	203	186	225	1	1	1	0	0	0	0	0	0	0	0	0	0	0	0	0	-1.0	1.0	0.0	0.0	-100	0
48179	934	634	436	205	310	194	201	199	182	225	1	1	1	0	0	0	0	0	0	0	0	0	0	0	0	0	-1.0	1.0	0.0	0.0	-100	0
48212	1162	675	436	205	310	194	197	195	178	225	1	1	1	0	0	0	0	0	0	0	0	0	0	0	0	0	-1.0	1.0	0.0	0.0	-100	0
48245	961	400	436	205	310	194	193	191	174	225	1	1	1	0	0	0	0	0	0	0	0	0	0	0	0	0	-1.0	1.0	0.0	0.0	-100	0
48278	1121	680	436	205	310	194	189	187	170	225	1	1	1	0	0	0	0	0	0	0	0	0	0	0	0	0	-1.0	1.0	0.0	0.0	-100	0
48312	1154	155	436	205	310	194	185	183	166	225	1	1	1	0	0	0	0	0	0	0	0	0	0	0	0	0	-1.0	1.0	0.0	0.0	-100	0
48346	1364	702	436	205	310	194	181	179	162	225	1	1	1	0	0	0	0	0	0	0	0	0	0	0	0	0	-1.0	1.0	0.0	0.0	-100	0
48377	434	306	436	205	310	194	177	175	158	225	1	1	1	0	0	0	0	0	0	0	0	0	0	0	0	0	-1.0	1.0	0.0	0.0	-100	0
48412	1077	595	436	205	310	194	173	171	154	225	1	1	1	0	0	0	0	0	0	0	0	0	0	0	0	0	-1.0	1.0	0.0	0.0	-100	0
48446	1359	790	436	205	310	194	169	167	150	225	1	1	1	0	0	0	0	0	0	0	0	0	0	0	0	0	-1.0	1.0	0.0	0.0	-100	0
48478	1209	576	436	205	310	194	165	163	146	225	1	1	1	0	0	0	0	0	0	0	0	0	0	0	0	0	-1.0	1.0	0.0	0.0	-100	0
48512	911	713	436	205	310	194	161	159	142	225	1	1	1	0	0	0	0	0	0	0	0	0	0	0	0	0	-1.0	1.0	0.0	0.0	-100	0
48546	761	630	436	205	310	194	157	155	138	225	1	1	1	0	0	0	0	0	0	0	0	0	0	0	0	0	-1.0	1.0	0.0	0.0	-100	0
48581	1239	454	436	205	310	194	153	151	134	225	1	1	1	0	0	0	0	0	0	0	0	0	0	0	0	0	-1.0	1.0	0.0	0.0	-100	0
48611	1164	375	436	205	310	194	149	147	130	225	1	1	1	0	0	0	0	0	0	0	0	0	0	0	0	0	-1.0	1.0	0.0	0.0	-100	0
48642	1505	573	436	205	310	194	145	143	126	225	1	1	1	0	0	0	0	0	0	0	0	0	0	0	0	0	-1.0	1.0	0.0	0.0	-100	0
48677	904	758	436	205	310	194	141	139	122	225	1	1	1	0	0	0	0	0	0	0	0	0	0	0	0	0	-1.0	1.0	0.0	0.0	-100	0
48709	1122	796	436	205	310	194	137	135	118	225	1	1	1	0	0	0	0	0	0	0	0	0	0	0	0	0	-1.0	1.0	0.0	0.0	-100	0
48744	948	652	436	205	310	194	133	131	114	225	1	1	1	0	0	0	0	0	0	0	0	0	0	0	0	0	-1.0	1.0	0.0	0.0	-100	0
48775	1008	878	436	205	310	194	129	127	110	225	1	1	1	0	0	0	0	0	0	0	0	0	0	0	0	0	-1.0	1.0	0.0	0.0	-100	0
48809	1407	0	436	205	310	194	125	123	106	225	1	1	1	0	0	0	0	0	0	0	0	0	0	0	0	0	-1.0	1.0	0.0	0.0	-100	0
48843	1206	547	436	205	310	194	121	119	102	225	1	1	1	0	0	0	0	0	0	0	0	0	0	0	0	0	-1.0	1.0	0.0	0.0	-100	0
48878	1124	645	436	205	310	194	117	115	98	225	1	1	1	0	0	0	0	0	0	0	0	0	0	0	0	0	-1.0	1.0	0.0	0.0	-100	0
48911	1392	673	436	205	310	194	113	111	94	225	1	1	1	0	0	0	0	0	0	0	0	0	0	0	0	0	-1.0	1.0	0.0	0.0	-100	0
48944	526	428	436	205	310	194	109	107	90	225	1	1	1	0	0	0	0	0	0	0	0	0	0	0	0	0	-1.0	1.0	0.0	0.0	-100	0
48978	935	433	436	205	310	194	105	103	86	225	1	1	1	0	0	0	0	0	0	0	0	0	0	0	0	0	-1.0	1.0	0.0	0.0	-100	0
49013	1104	584	436	205	310	194	101	99	82	225	1	1	1	0	0	0	0	0	0	0	0	0	0	0	0	0	-1.0	1.0	0.0	0.0	-100	0
49044	574	528	436	205	310	194	97	95	78	225	1	1	1	0	0	0	0	0	0	0	0	0	0	0	0	0	-1.0	1.0	0.0	0.0	-100	0
49080	1027	751	436	205	310	194	93	91	74	225	1	1	1	0	0	0	0	0	0	0	0	0	0	0	0	0	-1.0	1.0	0.0	0.0	-100	0
49113	759	298	436	205	310	194	89	87	70	225	1	1	1	0	0	0	0	0	0	0	0	0	0	0	0	0	-1.0	1.0	0.0	0.0	-100	0
49144	733	746	436	205	310	194	85	83	66	225	1	1	1	0	0	0	0	0	0	0	0	0	0	0	0	0	-1.0	1.0	0.0	0.0	-100	0
49180	982	391	436	205	310	194	81	79	62	225	1	1	1	0	0	0	0	0	0	0	0	0	0	0	0	0	-1.0	1.0	0.0	0.0	-100	0
49213	930	312	436	205	310	194	77	75	58	225	1	1	1	0	0	0	0	0	0	0	0	0	0	0	0	0	-1.0	1.0	0.0	0.0	-100	0
49246	694	820	436	205	310	194	73	71	54	225	1	1	1	0	0	0	0	0	0	0	0	0	0	0	0	0	-1.0	1.0	0.0	0.0	-100	0
49279	1016	532	436	205	310	194	69	67	50	225	1	1	1	0	0	0	0	0	0	0	0	0	0	0	0	0	-1.0	1.0	0.0	0.0	-100	0
49312	1427	833	436	205	310	194	65	63	46	225	1	1	1	0	0	0	0	0	0	0	0	0	0	0	0	0	-1.0	1.0	0.0	0.0	-100	0
49345	1310	269	436	205	310	194	61	59	42	225	1	1	1	0	0	0	0	0	0	0	0	0	0	0	0	0	-1.0	0.92156863	0.0	0.0	-97	0
49379	842	1147	436	205	310	194	58	56	39	225	1	1	1	0	0	0	0	0	0	0	0	0	0	0	0	0	-1.0	0.8666667	0.0	0.0	-94	0
49412	1047	467	436	205	310	194	55	53	36	225	1	1	1	0	0	0	0	0	0	0	0	0	0	0	0	0	-1.0	0.8352941	0.0	0.0	-92	0
49444	1193	608	436	205	310	194	52	50	33	225	1	1	1	0	0	0	0	0	0	0	0	0	0	0	0	0	-1.0	0.8352941	0.0	0.0	-92	0
49479	661	445	436	205	310	194	49	47	30	225	1	1	1	0	0	0	0	0	0	0	0	0	0	0	0	0	-1.0	0.8352941	0.0	0.0	-92	0
49512	572	570	436	205	310	194	46	44	27	225	1	1	1	0	0	0	0	0	0	0	0	0	0	0	0	0	-1.0	0.8352941	0.0	0.0	-92	0
49546	628	762	436	205	310	194	43	41	24	225	1	1	1	0	0	0	0	0	0	0	0	0	0	0	0	0	-1.0	0.8352941	0.0	0.0	-92	0
49579	1204	350	436	205	310	194	40	38	21	225	1	1	0	0	0	0	0	0	0	0	0	0	0	0	0	0	-1.0	0.8117647	0.0	0.0	-91	0
49611	942	543	436	205	310	194	37	35	21	225	0	1	0	0	0	0	0	0	0	0	0	0	0	0	0	0	-1.0	0.7254902	0.0	0.0	-87	0
49645	1099	437	436	205	310	194	37	32	21	225	0	0	0	0	0	0	0	0	0	0	0	0	0	0	0	0	-0.77254903	0.35686278	0.0	0.0	-57	0
49746	1176	831	436	205	310	194	37	32	21	225	0	0	0	0	0	0	0	0	0	0	0	0	0	0	0	0	0.28627455	-0.19215685	0.0	0.0	23	0
49778	1107	896	436	205	310	194	37	32	21	225	0	0	0	0	0	0	0	0	0	0	0	0	0	0	0	0	0.73333335	-0.46666664	0.0	0.0	60	0
49811	1181	452	406	233	310	194	37	32	21	225	0	0	0	0	0	1	0	0	0	0	0	0	0	0	0	0	1.0	-0.9372549	0.0	0.0	96	0
49845	1375	730	376	263	310	194	37	32	21	225	0	0	0	0	0	1	0	0	0	0	0	0	0	0	0	0	1.0	-1.0	0.0	0.0	100	0
49878	818	525	346	293	310	194	37	32	21	225	0	0	0	0	0	1	0	0	0	0	0	0	0	0	0	0	1.0	-1.0	0.0	0.0	100	0
49912	1030	466	316	323	310	194	37	32	21	225	0	0	0	0	0	1	0	0	0	0	0	0	0	0	0	0	1.0	-1.0	0.0	0.0	100	0
49945	1408	807	286	353	310	194	37	32	21	225	0	0	0	0	0	1	0	0	0	0	0	0	0	0	0	0	1.0	-1.0	0.0	0.0	100	0
49978	1326	751	256	383	310	194	37	32	21	225	0	0	0	0	0	1	0	0	0	0	0	0	0	0	0	0	1.0	-1.0	0.0	0.0	100	0
50013	861	333	226	413	310	194	37	32	21	225	0	0	0	0	0	1	0	0	0	0	0	0	0	0	0	0	1.0	-1.0	0.0	0.0	100	0
50044	1046	769	196	443	310	194	37	32	21	225	0	0	0	0	0	1	0	0	0	0	0	0	0	0	0	0	1.0	-1.0	0.0	0.0	100	0
50078	538	611	166	473	310	194	37	32	21	225	0	0	0	0	0	1	0	0	0	0	0	0	0	0	0	0	1.0	-1.0	0.0	0.0	100	0
50111	307	501	136	503	310	194	37	32	21	225	0	0	0	0	0	1	0	0	0	0	0	0	0	0	0	0	1.0	-1.0	0.0	0.0	100	0
50145	512	464	106	533	310	194	37	32	21	225	0	0	0	0	0	1	0	0	0	0	0	0	0	0	0	0	1.0	-1.0	0.0	0.0	100	0
50178	785	878	76	563	310	194	37	32	21	225	0	0	0	0	0	1	0	0	0	0	0	0	0	0	0	0	1.0	-1.0	0.0	0.0	100	0
50211	1386	636	46	593	310	194	37	32	21	225	0	0	0	0	0	1	0	0	0	0	0	0	0	0	0	0	1.0	-1.0	0.0	0.0	100	0
50246	427	513	16	623	310	194	37	32	21	225	0	0	0	0	0	1	0	0	0	0	0	0	0	0	0	0	1.0	-1.0	0.0	0.0	100	0
50278	489	804	1	653	310	194	37	32	21	225	0	0	0	0	0	1	0	0	0	0	0	0	0	0	0	0	1.0	-1.0	0.0	0.0	100	0
50310	1116	774	1	683	310	194	37	32	21	225	0	0	0	0	0	1	0	0	0	0	0	0	0	0	0	0	1.0	-1.0	0.0	0.0	100	0
50344	1199	651	1	713	310	194	37	32	21	225	0	0	0	0	0	1	0	0	0	0	0	0	0	0	0	0	1.0	-1.0	0.0	0.0	100	0
50376	506	545	1	743	310	194	37	32	21	225	0	0	0	0	0	1	0	0	0	0	0	0	0	0	0	0	1.0	-1.0	0.0	0.0	100	0
50412	1194	714	1	773	310	194	37	32	21	225	0	0	0	0	0	1	0	0	0	0	0	0	0	0	0	0	1.0	-1.0	0.0	0.0	100	0
50445	1334	654	1	803	310	194	37	32	21	225	0	0	0	0	0	1	0	0	0	0	0	0	0	0	0	0	1.0	-1.0	0.0	0.0	100	0
50477	1090	966	1	833	310	194	37	32	21	225	0	0	0	0	0	1	0	0	0	0	0	0	0	0	0	0	1.0	-1.0	0.0	0.0	100	0
50511	939	432	1	863	310	194	37	32	21	225	0	0	0	0	0	1	0	0	0	0	0	0	0	0	0	0	1.0	-1.0	0.0	0.0	100	0
50543	1151	201	1	893	310	194	37	32	21	225	0	0	0	0	0	1	0	0	0	0	0	0	0	0	0	0	1.0	-1.0	0.0	0.0	100	0
50579	705	565	1	923	310	194	37	32	21	225	0	0	0	0	0	1	0	0	0	0	0	0	0	0	0	0	1.0	-1.0	0.0	0.0	100	0
50609	1406	571	1	953	310	194	37	32	21	225	0	0	0	0	0	1	0	0	0	0	0	0	0	0	0	0	1.0	-1.0	0.0	0.0	100	0
50642	850	914	1	953	310	194	37	32	21	225	0	0	0	0	0	0	0	0	0	0	0	0	0	0	0	0	1.0	-1.0	0.0	0.0	100	0
50675	1284	662	1	953	310	194	37	32	21	225	0	0	0	0	0	0	0	0	0	0	0	0	0	0	0	0	1.0	-1.0	0.0	0.0	100	0
50709	1367	141	1	953	310	194	37	32	21	225	0	0	0	0	0	0	0	0	0	0	0	0	0	0	0	0	1.0	-1.0	0.0	0.0	100	0
50744	849	612	1	953	310	194	37	32	21	225	0	0	0	0	0	0	0	0	0	0	0	0	0	0	0	0	1.0	-1.0	0.0	0.0	100	0
50777	1010	646	1	953	310	194	37	32	21	225	0	0	0	0	0	0	0	0	0	0	0	0	0	0	0	0	1.0	-1.0	0.0	0.0	100	0
50808	743	669	1	953	310	194	37	32	21	225	0	0	0	0	0	0	0	0	0	0	0	0	0	0	0	0	1.0	-1.0	0.0	-0.16862744	100	8
50843	798	252	1	953	310	194	37	32	21	225	0	0	0	0	0	0	0	0	0	0	0	0	0	0	0	0	1.0	-1.0	-0.8666667	-0.7411765	100	-7
50876	700	638	1	953	310	194	37	32	21	225	0	0	0	0	0	0	0	0	0	0	0	0	0	0	0	0	1.0	-1.0	-1.0	-1.0	100	0
50911	971	419	1	953	310	194	37	32	21	225	0	0	0	0	0	0	0	0	0	0	0	0	0	0	0	0	1.0	-1.0	-1.0	-1.0	100	0
50942	670	483	1	953	310	194	37	32	21	225	0	0	0	0	0	0	0	0	0	0	0	0	0	0	0	0	1.0	-1.0	-1.0	-1.0	100	0
50979	1284	418	1	953	310	194	37	32	21	225	0	0	0	0	0	0	0	0	0	0	0	0	0	0	0	0	1.0	-1.0	-1.0	-1.0	100	0
51008	651	863	1	953	310	194	37	32	21	225	0	0	0	0	0	0	0	0	0	0	0	0	0	0	0	0	1.0	-1.0	-1.0	-1.0	100	0
51046	681	858	1	953	310	194	37	32	21	225	0	0	0	0	0	0	0	0	0	0	0	0	0	0	0	0	1.0	-1.0	-1.0	-1.0	100	0
51079	93	356	1	953	310	194	37	32	21	225	0	0	0	0	0	0	0	0	0	0	0	0	0	0	0	0	1.0	-1.0	-1.0	-1.0	100	0
51112	1369	343	1	953	310	194	37	32	21	225	0	0	0	0	0	0	0	0	0	0	0	0	0	0	0	0	1.0	-1.0	-1.0	-1.0	100	0
51145	1272	725	1	953	310	194	37	32	21	225	0	0	0	0	0	0	0	0	0	0	0	0	0	0	0	0	1.0	-1.0	-1.0	-1.0	100	0
51179	857	731	1	953	310	194	37	32	21	225	0	0	0	0	0	0	0	0	0	0	0	0	0	0	0	0	1.0	-1.0	-1.0	-1.0	100	0
51209	252	768	1	953	310	194	37	32	21	225	0	0	0	0	0	0	0	0	0	0	0	0	0	0	0	0	1.0	-1.0	-1.0	-1.0	100	0
51246	564	827	1	953	310	194	37	32	21	225	0	0	0	0	0	0	0	0	0	0	0	0	0	0	0	0	1.0	-1.0	-1.0	-1.0	100	0
51280	603	820	1	953	310	194	37	32	21	225	0	0	0	0	0	0	0	0	0	0	0	0	0	0	0	0	1.0	-1.0	-1.0	-1.0	100	0
51308	996	133	1	953	310	194	37	32	21	225	0	0	0	0	0	0	0	0	0	0	0	0	0	0	0	0	1.0	-1.0	-1.0	-1.0	100	0
51342	737	654	1	953	310	194	37	32	21	225	0	0	0	0	0	0	0	0	0	0	0	0	0	0	0	0	1.0	-1.0	-1.0	-1.0	100	0
51377	441	862	1	953	310	194	37	32	21	225	0	0	0	0	0	0	0	0	0	0	0	0	0	0	0	0	1.0	-1.0	-1.0	-1.0	100	0
51411	1021	688	1	953	310	194	37	32	21	225	0	0	0	0	0	0	0	0	0	0	0	0	0	0	0	0	1.0	-1.0	-1.0	-1.0	100	0
51443	1403	963	1	953	310	194	37	32	21	225	0	0	0	0	0	0	0	0	0	0	0	0	0	0	0	0	1.0	-1.0	-1.0	-1.0	100	0
51475	1328	636	1	953	310	194	37	32	21	225	0	0	0	0	0	0	0	0	0	0	0	0	0	0	0	0	1.0	-1.0	-0.92156863	-1.0	100	3
51509	1006	771	1	953	310	194	37	32	21	225	0	0	0	0	0	0	0	0	0	0	0	0	0	0	0	0	1.0	-1.0	-0.7647059	-1.0	100	11
51542	1288	622	1	953	310	194	37	32	21	225	0	0	0	0	0	0	0	0	0	0	0	0	0	0	0	0	1.0	-1.0	-0.6784314	-1.0	100	16
51577	962	830	1	953	310	194	37	32	21	225	0	0	0	0	0	0	0	0	0	0	0	0	0	0	0	0	1.0	-1.0	-0.30196077	-0.94509804	100	32
51610	806	640	1	953	310	194	37	32	21	225	0	0	0	0	0	0	0	0	0	0	0	0	0	0	0	0	0.5921569	-0.7019608	0.15294123	0.0	64	7
51645	1210	559	1	953	310	194	37	32	21	225	0	0	0	0	0	0	0	0	0	0	0	0	0	0	0	0	0.1686275	0.0	0.12156868	0.0	8	6
51677	464	362	1	953	310	194	37	32	21	225	0	0	0	0	0	0	0	0	0	0	0	0	0	0	0	0	0.1686275	0.0	0.12156868	0.0	8	6
51712	1145	845	1	953	310	194	37	32	21	225	0	0	0	0	0	0	0	0	0	0	0	0	0	0	0	0	0.1686275	0.0	0.12156868	0.0	8	6
51745	629	747	1	953	310	194	37	32	21	225	0	0	0	0	0	0	0	0	0	0	0	0	0	0	0	0	0.1686275	0.0	0.12156868	0.0	8	6
51779	1445	961	1	953	310	194	37	32	21	225	0	0	0	0	0	0	0	0	0	0	0	0	0	0	0	0	0.1686275	0.0	0.12156868	0.0	8	6
51812	1136	510	1	953	310	194	37	32	21	225	0	0	0	0	0	0	0	0	0	0	0	0	0	0	0	0	0.1686275	0.0	0.12156868	0.0	8	6
