millis	xpos	ypos	sX	sY	dpX	dpY	red	green	blue	opacity	A1	A2	A3	A4	L1	R1	L2	R2	S1	S2	M1	M2	up	down	left	right	anlgX	anlgY	anlgU	anlgV	joy1_int	joy2_int
635658	188	188	252	999	0	400	255	255	0	230	0	0	0	0	0	0	0	0	0	1	0	0	0	0	0	0	0.12156868	0.0	0.0	0.0	6	0
635693	188	838	252	999	0	400	255	255	0	230	0	0	0	0	0	0	0	0	0	0	0	0	0	0	0	0	0.12156868	0.0	0.0	0.0	6	0
635727	188	475	252	999	0	400	255	255	0	230	0	0	0	0	0	0	0	0	0	0	0	0	0	0	0	0	0.12156868	0.0	0.0	0.0	6	0
635760	188	628	252	999	0	400	255	255	0	230	0	0	0	0	0	0	0	0	0	0	0	0	0	0	0	0	0.12156868	0.0	0.0	0.0	6	0
635793	188	1200	252	999	0	400	255	255	0	230	0	0	0	0	0	0	0	0	0	0	0	0	0	0	0	0	0.12156868	0.0	0.0	0.0	6	0
635823	188	837	252	999	0	400	255	255	0	230	0	0	0	0	0	0	0	0	0	0	0	0	0	0	0	0	0.12156868	0.0	0.0	0.0	6	0
635860	188	881	252	999	0	400	255	255	0	230	0	0	0	0	0	0	0	0	0	0	0	0	0	0	0	0	0.12156868	0.0	0.0	0.0	6	0
635891	188	137	252	999	0	400	255	255	0	230	0	0	0	0	0	0	0	0	0	0	0	0	0	0	0	0	0.12156868	0.0	0.0	0.0	6	0
635922	188	494	252	999	0	400	255	255	0	230	0	0	0	0	0	0	0	0	0	0	0	0	0	0	0	0	0.12156868	0.0	0.0	0.0	6	0
635960	188	424	252	999	0	400	255	255	0	230	0	0	0	0	0	0	0	0	0	0	0	0	0	0	0	0	0.12156868	0.0	0.0	0.0	6	0
635991	188	684	252	999	0	400	255	255	0	230	0	0	0	0	0	0	0	0	0	0	0	0	0	0	0	0	0.12156868	0.0	0.0	0.0	6	0
636027	188	0	252	999	0	400	255	255	0	230	0	0	0	0	0	0	0	0	0	0	0	0	0	0	0	0	0.12156868	0.0	0.0	0.0	6	0
636059	188	865	252	999	0	400	255	255	0	230	0	0	0	0	0	0	0	0	0	0	0	0	0	0	0	0	0.12156868	0.0	0.0	0.0	6	0
636090	188	389	252	999	0	400	255	255	0	230	0	0	0	0	0	0	0	0	0	0	0	0	0	0	0	0	0.12156868	0.0	0.0	0.0	6	0
636123	188	0	252	999	0	400	255	255	0	230	0	0	0	0	0	0	0	0	0	0	0	0	0	0	0	0	0.12156868	0.0	0.0	0.0	6	0
636161	188	516	252	999	0	400	255	255	0	230	0	0	0	0	0	0	0	0	0	0	0	0	0	0	0	0	0.12156868	0.0	0.0	0.0	6	0
636194	188	750	252	999	0	400	255	255	0	230	0	0	0	0	0	0	0	0	0	0	0	0	0	0	0	0	0.12156868	0.0	0.0	0.0	6	0
636227	188	1126	252	999	0	400	255	255	0	230	0	0	0	0	0	0	0	0	0	0	0	0	0	0	0	0	0.12156868	0.0	0.0	0.0	6	0
636260	188	126	252	999	0	400	255	255	0	230	0	0	0	0	0	0	0	0	0	0	0	0	0	0	0	0	0.12156868	0.0	0.0	0.0	6	0
636294	188	644	252	999	0	400	255	255	0	230	0	0	0	0	0	0	0	0	0	0	0	0	0	0	0	0	0.12156868	0.0	0.0	0.0	6	0
636328	188	250	252	999	0	400	255	255	0	230	0	0	0	0	0	0	0	0	0	0	0	0	0	0	0	0	0.12156868	0.0	0.0	0.0	6	0
636360	188	122	252	999	0	400	255	255	0	230	0	0	0	0	0	0	0	0	0	0	0	0	0	0	0	0	0.12156868	0.0	0.0	0.0	6	0
636394	188	526	252	999	0	400	255	255	0	230	0	0	0	0	0	0	0	0	0	0	0	0	0	0	0	0	0.12156868	0.0	0.0	0.0	6	0
636424	188	360	252	999	0	400	255	255	0	230	0	0	0	0	0	0	0	0	0	0	0	0	0	0	0	0	0.12156868	0.0	0.0	0.0	6	0
636461	188	185	252	999	0	400	255	255	0	230	0	0	0	0	0	0	0	0	0	0	0	0	0	0	0	0	0.12156868	0.0	0.0	0.0	6	0
636491	188	297	252	999	0	400	255	255	0	230	0	0	0	0	0	0	0	0	0	0	0	0	0	0	0	0	0.12156868	0.0	0.0	0.0	6	0
636528	188	807	252	999	0	400	255	255	0	230	0	0	0	0	0	0	0	0	0	0	0	0	0	0	0	0	0.12156868	0.0	0.0	0.0	6	0
636557	188	337	252	999	0	400	255	255	0	230	0	0	0	0	0	0	0	0	0	0	0	0	0	0	0	0	0.12156868	0.0	0.0	0.0	6	0
636589	188	1200	252	999	0	400	255	255	0	230	0	0	0	0	0	0	0	0	0	0	0	0	0	0	0	0	0.12156868	0.0	0.0	0.0	6	0
636628	188	767	252	999	0	400	255	255	0	230	0	0	0	0	0	0	0	0	0	0	0	0	0	0	0	0	0.12156868	0.0	0.0	0.0	6	0
636657	188	447	252	999	0	400	255	255	0	230	0	0	0	0	0	0	0	0	0	0	0	0	0	0	0	0	0.12156868	0.0	0.0	0.0	6	0
636693	188	666	252	999	0	400	255	255	0	230	0	0	0	0	0	0	0	0	0	0	0	0	0	0	0	0	0.12156868	0.0	0.0	0.0	6	0
636722	188	751	252	999	0	400	255	255	0	230	0	0	0	0	0	0	0	0	0	0	0	0	0	0	0	0	0.12156868	0.0	0.0	0.0	6	0
636755	188	605	252	999	0	400	255	255	0	230	0	0	0	0	0	0	0	0	0	0	0	0	0	0	0	0	0.12156868	0.0	0.0	0.0	6	0
636794	188	243	252	999	0	400	255	255	0	230	0	0	0	0	0	0	0	0	0	0	0	0	0	0	0	0	0.12156868	0.0	0.0	0.0	6	0
636828	188	48	252	999	0	400	255	255	0	230	0	0	0	0	0	0	0	0	0	0	0	0	0	0	0	0	0.12156868	0.0	0.0	0.0	6	0
636857	188	741	252	999	0	400	255	255	0	230	0	0	0	0	0	0	0	0	0	0	0	0	0	0	0	0	0.12156868	0.0	0.0	0.0	6	0
636889	188	445	252	999	0	400	255	255	0	230	0	0	0	0	0	0	0	0	0	0	0	0	0	0	0	0	0.12156868	0.0	0.0	0.0	6	0
636927	188	111	252	999	0	400	255	255	0	230	0	0	0	0	0	0	0	0	0	0	0	0	0	0	0	0	0.12156868	0.0	0.0	0.0	6	0
636956	188	744	252	999	0	400	255	255	0	230	0	0	0	0	0	0	0	0	0	0	0	0	0	0	0	0	0.12156868	0.0	0.0	0.0	6	0
636989	188	705	252	999	0	400	255	255	0	230	0	0	0	0	0	0	0	0	0	0	0	0	0	0	0	0	0.12156868	0.0	0.0	0.0	6	0
637022	188	825	252	999	0	400	255	255	0	230	0	0	0	0	0	0	0	0	0	0	0	0	0	0	0	0	0.12156868	0.0	0.0	0.0	6	0
637056	188	657	252	999	0	400	255	255	0	230	0	0	0	0	0	0	0	0	0	0	0	0	0	0	0	0	0.12156868	0.0	0.0	0.0	6	0
637089	188	437	252	999	0	400	255	255	0	230	0	0	0	0	0	0	0	0	0	0	0	0	0	0	0	0	0.12156868	0.0	0.0	0.0	6	0
637127	188	1200	252	999	0	400	255	255	0	230	0	0	0	0	0	0	0	0	0	0	0	0	0	0	0	0	0.12156868	0.0	0.0	0.0	6	0
637156	188	1020	252	999	0	400	255	255	0	230	0	0	0	0	0	0	0	0	0	0	0	0	0	0	0	0	0.12156868	0.0	0.0	0.0	6	0
637189	188	276	252	999	0	400	255	255	0	230	0	0	0	0	0	0	0	0	0	0	0	0	0	0	0	0	0.12156868	0.0	0.0	0.0	6	0
637222	188	1037	252	999	0	400	255	255	0	230	0	0	0	0	0	0	0	0	0	0	0	0	0	0	0	0	0.12156868	0.0	0.0	0.0	6	0
637256	188	519	252	999	0	400	255	255	0	230	0	0	0	0	0	0	0	0	0	0	0	0	0	0	0	0	0.12156868	0.0	0.0	0.0	6	0
637290	188	511	252	999	0	400	255	255	0	230	0	0	0	0	0	0	0	0	0	0	0	0	0	0	0	0	0.12156868	0.0	0.0	0.0	6	0
637323	188	664	252	999	0	400	255	255	0	230	0	0	0	0	0	0	0	0	0	0	0	0	0	0	0	0	0.12156868	0.0	0.0	0.0	6	0
637356	188	1200	252	999	0	400	255	255	0	230	0	0	0	0	0	0	0	0	0	0	0	0	0	0	0	0	0.12156868	0.0	0.0	0.0	6	0
637390	188	941	252	999	0	400	255	255	0	230	0	0	0	0	0	0	0	0	0	0	0	0	0	0	0	0	0.12156868	0.0	0.0	0.0	6	0
637423	188	0	252	999	0	400	255	255	0	230	0	0	0	0	0	0	0	0	0	0	0	0	0	0	0	0	0.12156868	0.0	0.0	0.0	6	0
637456	188	490	252	999	0	400	255	255	0	230	0	0	0	0	0	0	0	0	0	0	0	0	0	0	0	0	0.12156868	0.0	0.0	0.0	6	0
637490	188	285	252	999	0	400	255	255	0	230	0	0	0	0	0	0	0	0	0	0	0	0	0	0	0	0	0.12156868	0.0	0.0	0.0	6	0
637523	188	930	252	999	0	400	255	255	0	230	0	0	0	0	0	0	0	0	0	0	0	0	0	0	0	0	0.12156868	0.0	0.0	0.0	6	0
637557	188	782	252	999	0	400	255	255	0	230	0	0	0	0	0	0	0	0	0	0	0	0	0	0	0	0	0.12156868	0.0	0.0	0.0	6	0
637590	188	149	252	999	0	400	255	255	0	230	0	0	0	0	0	0	0	0	0	0	0	0	0	0	0	0	0.12156868	0.0	0.0	0.0	6	0
637623	188	618	252	999	0	400	255	255	0	230	0	0	0	0	0	0	0	0	0	0	0	0	0	0	0	0	0.12156868	0.0	0.0	0.0	6	0
637657	188	920	252	999	0	400	255	255	0	230	0	0	0	0	0	0	0	0	0	0	0	0	0	0	0	0	0.12156868	0.0	0.0	0.0	6	0
637690	188	456	252	999	0	400	255	255	0	230	0	0	0	0	0	0	0	0	0	0	0	0	0	0	0	0	0.12156868	0.0	0.0	0.0	6	0
637723	188	587	252	999	0	400	255	255	0	230	0	0	0	0	0	0	0	0	0	0	0	0	0	0	0	0	0.12156868	0.0	0.0	0.0	6	0
637757	188	1069	252	999	0	400	255	255	0	230	0	0	0	0	0	0	0	0	0	0	0	0	0	0	0	0	0.12156868	0.0	0.0	0.0	6	0
637792	188	195	252	999	0	400	255	255	0	230	0	0	0	0	0	0	0	0	0	0	0	0	0	0	0	0	0.12156868	0.0	0.0	0.0	6	0
637824	188	866	252	999	0	400	255	255	0	230	0	0	0	0	0	0	0	0	0	0	0	0	0	0	0	0	0.12156868	0.0	0.0	0.0	6	0
637857	188	759	252	999	0	400	255	255	0	230	0	0	0	0	0	0	0	0	0	0	0	0	0	0	0	0	0.12156868	0.0	0.0	0.0	6	0
637890	188	293	252	999	0	400	255	255	0	230	0	0	0	0	0	0	0	0	0	0	0	0	0	0	0	0	0.12156868	0.0	0.0	0.0	6	0
637924	188	450	252	999	0	400	255	255	0	230	0	0	0	0	0	0	0	0	0	0	0	0	0	0	0	0	0.12156868	0.0	0.0	0.0	6	0
637957	188	868	252	999	0	400	255	255	0	230	0	0	0	0	0	0	0	0	0	0	0	0	0	0	0	0	0.12156868	0.0	0.0	0.0	6	0
637991	188	538	252	999	0	400	255	255	0	230	0	0	0	0	0	0	0	0	0	0	0	0	0	0	0	0	0.12156868	0.0	0.0	0.0	6	0
638024	188	260	252	999	0	400	255	255	0	230	0	0	0	0	0	0	0	0	0	0	0	0	0	0	0	0	0.12156868	0.0	0.0	0.0	6	0
638057	188	0	252	999	0	400	255	255	0	230	0	0	0	0	0	0	0	0	0	0	0	0	0	0	0	0	0.12156868	0.0	0.0	0.0	6	0
638091	188	823	252	999	0	400	255	255	0	230	0	0	0	0	0	0	0	0	0	0	0	0	0	0	0	0	0.12156868	0.0	0.0	0.0	6	0
638124	188	490	252	999	0	400	255	255	0	230	0	0	0	0	0	0	0	0	0	0	0	0	0	0	0	0	0.12156868	0.0	0.0	0.0	6	0
638160	188	673	252	999	0	400	255	255	0	230	0	0	0	0	0	0	0	0	0	0	0	0	0	0	0	0	0.12156868	0.0	0.0	0.0	6	0
638191	188	371	252	999	0	400	255	255	0	230	0	0	0	0	0	0	0	0	0	0	0	0	0	0	0	0	0.12156868	0.0	0.0	0.0	6	0
638224	188	1091	252	999	0	400	255	255	0	230	0	0	0	0	0	0	0	0	0	0	0	0	0	0	0	0	0.12156868	0.0	0.0	0.0	6	0
638258	188	393	252	999	0	400	255	255	0	230	0	0	0	0	0	0	0	0	0	0	0	0	0	0	0	0	0.12156868	0.0	0.0	0.0	6	0
